[TEXTURES]
0	textures\car.png	255	255	255
101	textures\CarAndMainRight.png	255	255	255
100	textures\CarAndMainLeft.png	255	255	255
[SPRITES]
#Gun 
20001	12	3	20	11	100
20002	390	3	398	11	101
#banhxephai
30001	390	21	398	29	101
30002	399	21	407	29	101
30003	372	21	380	29	101
30004	381	21	389	29	101
#banhxetrai
40011	12	21	20	29	100
40012	3	21	11	29	100
40013	30	21	38	29	100
40014	21	21	29	29	100
#bottomcircle
60015	39	21	47	29	100
# stand + moving right
50000	146	5	172	23	0
50001	178	5	204	23	0
50002	211	5	237	23	0
50003	242	5	268	23	0
# stand + moving left
50010	109	5	135	23	0
50011	77	5	103	23	0
50012	44	5	70	23	0
50013	12	5	39	23	0
# crouch right
50100	146	30	172	47	0
50101	178	30	204	47	0
50102	211	30	237	47	0
50103	243	30	269	47	0
# crouch left
50110	109	30	135	47	0
50111	77	30	103	47	0
50112	45	30	71	47	0
50113	12	30	38	47	0
# ani_id	sprite1_id	time1	sprite2_id	time2	...
[ANIMATIONS]
#gun 
20	20001	100
24	20002	100
#banhxephai
21	30001	100	30002	100	30003	100	30004	100
#banhxetrai
22	40011	100	40012	100	40013	100	40014	100
#bottomcircle
23	60015	100
#idle right
500	50000	100	50001	100	50002	100	50003	100
#idle left
501	50010	100	50011	100	50012	100	50013	100
#moving right 
510	50000	30	50001	30	50002	30	50003	30	50100	30	50101	30	50102	30	50103	30
#moving left 
511	50010	30	50011	30	50012	30	50013	30	50110	30	50111	30
[ANIMATION_SETS]
#tank
0	500	501	510	511
1	500	501
#banhxe
2	21	22
#sung
3	20	24
[OBJECTS]
#mainobject
0	0	115	0
#lan
2	0	2	1
#brick
1	0	150	-1	500	16
#banhxe
3	0	120	2
#gun
4	0	116	3	






