[TEXTURES]
101	textures\CarAndMainRight.png	255	255	255
100	textures\CarAndMainLeft.png	255	255	255
[SPRITES]
#Gun
20001	12	3	20	11	100
20002	390	3	398	11	101
#Main
70001	39	3	55	11	100
70002	355	3	371	11	101
#RightWheel
30001	390	21	398	29	101
30002	399	21	407	29	101
30003	372	21	380	29	101
30004	381	21	389	29	101
#LeftWheel
40001	12	21	20	29	100
40002	3	21	11	29	100
40003	30	21	38	29	100
40004	21	21	29	29	100
#IdleWheel
50001	12	21	20	29	100
#Connector
60001	39	21	47	29	100
# ani_id	sprite1_id	time1	sprite2_id	time2	...
[ANIMATIONS]
#gun 
20	20001	100
21	20002	100
#RightWheel
30	30001	100	30002	100	30003	100	30004	100
#LeftWheel
40	40001	100	40002	100	40003	100	40004	100
#connector
60	60001	100
#idleWheel
50	50001	100
#main
70	70001	100
71	70002	100
#moving right 
301	30001	30	30002	30	30003	30	30004	30
#moving left 
401	40001	30	40002	30	40003	30	40004	30
[ANIMATION_SETS]
#main
0	70	71
#gun
1	20	21
#wheel
2	50	301	401
#connector
3	60
[OBJECTS]
#mainobject
0	0	115	0
#brick
1	0	150	-1	500	16
#gun
2	0	120	1
#connector
3	0	60	3
#wheel
4	0	10	2	






