[TEXTURES]
101	textures\CarAndMainRight.png	255	255	255
100	textures\CarAndMainLeft.png	255	255	255
3	textures\map3.png	0	0	0
4	textures\map1.png	0	0	0
50	textures\enemies3.png	255	255	255
5	textures\jason.jpeg	255	255	255
6	textures\items.png	255	255	255

[SPRITES]
#Bullet
123	91	20	115	28	100
124	117	20	123	42	100
#BigJasonBack					
700	62	43	82	74	5
701	88	42	108	74	5
702	114	43	134	74	5
#BigJasonFront					
703	139	43	159	74	5
704	164	42	184	74	5
705	188	43	208	74	5
#BigJasonLeft					
706	49	78	73	109	5
707	77	78	101	109	5
708	107	77	131	109	5
#BigJasonRight					
709	141	77	165	109	5
710	171	78	195	109	5
711	199	78	223	109	5
#BigJasonDie					
712	82	112	106	141	5
713	110	114	133	141	5
714	137	116	161	141	5
715	165	125	189	141	5
#enemy1
8000	157	1487	179	1505	50
8100	105	109	121	125	6
#enemy2
8001	59	738	77	756	50
8002	80	738	98	756	50
8003	101	738	119	756	50
#enemy3
8004	73	387	91	405	50
8104	255	109	271	125	6
#enemy4
8005	100	32	118	47	50
8006	80	29	98	44	50
8007	60	32	78	47	50
8008	37	40	58	47	50
8100	105	109	121	125	6
#enemy5
8009	43	759	61	776	50
8010	62	759	80	776	50
8011	82	759	100	776	50
#enemy6
8012	54	387	72	405	50
8013	94	387	112	405	50
8014	114	387	132	405	50
8104	255	109	271	125	6
#enemy7
8015	130	32	148	47	50
8016	150	29	168	47	50
8017	171	32	189	47	50
8018	190	37	208	47	50
#enemy8
8019	128	737	146	755	50
8020	149	737	167	755	50
8021	170	737	188	755	50
#enemy9
8022	42	650	58	668	50
8023	60	653	78	668	50
8024	81	651	99	668	50
8025	102	652	118	668	50
#enemy10
8026	102	652	118	668	50
#bg
10001	784	1048	2016	1544	4
#Gun
20001	12	3	20	11	100
20002	390	3	398	11	101
20003	30	3	38	11	100
#Main
70001	39	3	55	11	100
70002	355	3	371	11	101
70003	73	3	89	19	100
70004	108	3	124	19	100
#RightWheel
30001	390	21	398	29	101
30002	399	21	407	29	101
30003	372	21	380	29	101
30004	381	21	389	29	101
#LeftWheel
40001	12	21	20	29	100
40002	3	21	11	29	100
40003	30	21	38	29	100
40004	21	21	29	29	100
#IdleWheel
50001	12	21	20	29	100
#Connector
60001	39	21	47	29	100
#Portal
101109	1632	1376	1696	1448	4
#brick
100001	1464	1048	1472	1056	4
100002	1472	1048	1480	1056	4
100003	1480	1048	1488	1056	4
100004	1488	1048	1496	1056	4
100005	1496	1048	1504	1056	4
100006	1504	1048	1512	1056	4
100007	1512	1048	1520	1056	4
100008	1520	1048	1528	1056	4
100009	1528	1048	1536	1056	4
100010	1536	1048	1544	1056	4
100011	1544	1048	1552	1056	4
100012	1552	1048	1560	1056	4
100013	1560	1048	1568	1056	4
100014	1568	1048	1576	1056	4
100015	1720	1048	1728	1056	4
100016	1728	1048	1736	1056	4
100017	1736	1048	1744	1056	4
100018	1744	1048	1752	1056	4
100019	1752	1048	1760	1056	4
100020	1760	1048	1768	1056	4
100021	1768	1048	1776	1056	4
100022	1776	1048	1784	1056	4
100023	1784	1048	1792	1056	4
100024	1792	1048	1800	1056	4
100025	1800	1048	1808	1056	4
100026	1808	1048	1816	1056	4
100027	1816	1048	1824	1056	4
100028	1824	1048	1832	1056	4
100029	1832	1048	1840	1056	4
100030	1840	1048	1848	1056	4
100031	1848	1048	1856	1056	4
100032	1856	1048	1864	1056	4
100033	1864	1048	1872	1056	4
100034	1872	1048	1880	1056	4
100035	1880	1048	1888	1056	4
100036	1888	1048	1896	1056	4
100037	1896	1048	1904	1056	4
100038	1904	1048	1912	1056	4
100039	1912	1048	1920	1056	4
100040	1920	1048	1928	1056	4
100041	1464	1056	1472	1064	4
100042	1568	1056	1576	1064	4
100043	1720	1056	1728	1064	4
100044	1920	1056	1928	1064	4
100045	1464	1064	1472	1072	4
100046	1568	1064	1576	1072	4
100047	1720	1064	1728	1072	4
100048	1920	1064	1928	1072	4
100049	1464	1072	1472	1080	4
100050	1568	1072	1576	1080	4
100051	1720	1072	1728	1080	4
100052	1920	1072	1928	1080	4
100053	1432	1080	1440	1088	4
100054	1440	1080	1448	1088	4
100055	1448	1080	1456	1088	4
100056	1456	1080	1464	1088	4
100057	1464	1080	1472	1088	4
100058	1568	1080	1576	1088	4
100059	1688	1080	1696	1088	4
100060	1696	1080	1704	1088	4
100061	1704	1080	1712	1088	4
100062	1712	1080	1720	1088	4
100063	1720	1080	1728	1088	4
100064	1920	1080	1928	1088	4
100065	1928	1080	1936	1088	4
100066	1936	1080	1944	1088	4
100067	1944	1080	1952	1088	4
100068	1952	1080	1960	1088	4
100069	1432	1088	1440	1096	4
100070	1568	1088	1576	1096	4
100071	1688	1088	1696	1096	4
100072	1952	1088	1960	1096	4
100073	1432	1096	1440	1104	4
100074	1568	1096	1576	1104	4
100075	1688	1096	1696	1104	4
100076	1952	1096	1960	1104	4
100077	1432	1104	1440	1112	4
100078	1568	1104	1576	1112	4
100079	1688	1104	1696	1112	4
100080	1952	1104	1960	1112	4
100081	1368	1112	1376	1120	4
100082	1376	1112	1384	1120	4
100083	1384	1112	1392	1120	4
100084	1392	1112	1400	1120	4
100085	1400	1112	1408	1120	4
100086	1408	1112	1416	1120	4
100087	1416	1112	1424	1120	4
100088	1424	1112	1432	1120	4
100089	1432	1112	1440	1120	4
100090	1568	1112	1576	1120	4
100091	1576	1112	1584	1120	4
100092	1584	1112	1592	1120	4
100093	1592	1112	1600	1120	4
100094	1600	1112	1608	1120	4
100095	1608	1112	1616	1120	4
100096	1616	1112	1624	1120	4
100097	1624	1112	1632	1120	4
100098	1632	1112	1640	1120	4
100099	1640	1112	1648	1120	4
100100	1648	1112	1656	1120	4
100101	1656	1112	1664	1120	4
100102	1664	1112	1672	1120	4
100103	1672	1112	1680	1120	4
100104	1680	1112	1688	1120	4
100105	1688	1112	1696	1120	4
100106	1952	1112	1960	1120	4
100107	1960	1112	1968	1120	4
100108	1968	1112	1976	1120	4
100109	1976	1112	1984	1120	4
100110	1984	1112	1992	1120	4
100111	1368	1120	1376	1128	4
100112	1984	1120	1992	1128	4
100113	1368	1128	1376	1136	4
100114	1984	1128	1992	1136	4
100115	1368	1136	1376	1144	4
100116	1984	1136	1992	1144	4
100117	1368	1144	1376	1152	4
100118	1984	1144	1992	1152	4
100119	1992	1144	2000	1152	4
100120	2000	1144	2008	1152	4
100121	2008	1144	2016	1152	4
100122	1368	1152	1376	1160	4
100123	1984	1152	1992	1160	4
100124	1992	1152	2000	1160	4
100125	2000	1152	2008	1160	4
100126	2008	1152	2016	1160	4
100127	1368	1160	1376	1168	4
100128	1984	1160	1992	1168	4
100129	1992	1160	2000	1168	4
100130	2000	1160	2008	1168	4
100131	2008	1160	2016	1168	4
100132	1368	1168	1376	1176	4
100133	1984	1168	1992	1176	4
100134	1992	1168	2000	1176	4
100135	2000	1168	2008	1176	4
100136	2008	1168	2016	1176	4
100137	1336	1176	1344	1184	4
100138	1344	1176	1352	1184	4
100139	1352	1176	1360	1184	4
100140	1360	1176	1368	1184	4
100141	1368	1176	1376	1184	4
100142	1984	1176	1992	1184	4
100143	1992	1176	2000	1184	4
100144	2000	1176	2008	1184	4
100145	2008	1176	2016	1184	4
100146	1336	1184	1344	1192	4
100147	1584	1184	1592	1192	4
100148	1592	1184	1600	1192	4
100149	1600	1184	1608	1192	4
100150	1608	1184	1616	1192	4
100151	1616	1184	1624	1192	4
100152	1624	1184	1632	1192	4
100153	1632	1184	1640	1192	4
100154	1640	1184	1648	1192	4
100155	1648	1184	1656	1192	4
100156	1656	1184	1664	1192	4
100157	1664	1184	1672	1192	4
100158	1672	1184	1680	1192	4
100159	1856	1184	1864	1192	4
100160	1864	1184	1872	1192	4
100161	1872	1184	1880	1192	4
100162	1880	1184	1888	1192	4
100163	1888	1184	1896	1192	4
100164	1896	1184	1904	1192	4
100165	1904	1184	1912	1192	4
100166	1912	1184	1920	1192	4
100167	1920	1184	1928	1192	4
100168	1928	1184	1936	1192	4
100169	1936	1184	1944	1192	4
100170	1944	1184	1952	1192	4
100171	1952	1184	1960	1192	4
100172	1960	1184	1968	1192	4
100173	1968	1184	1976	1192	4
100174	1976	1184	1984	1192	4
100175	1984	1184	1992	1192	4
100176	1992	1184	2000	1192	4
100177	2000	1184	2008	1192	4
100178	2008	1184	2016	1192	4
100179	1336	1192	1344	1200	4
100180	1584	1192	1592	1200	4
100181	1592	1192	1600	1200	4
100182	1600	1192	1608	1200	4
100183	1608	1192	1616	1200	4
100184	1616	1192	1624	1200	4
100185	1624	1192	1632	1200	4
100186	1632	1192	1640	1200	4
100187	1640	1192	1648	1200	4
100188	1648	1192	1656	1200	4
100189	1656	1192	1664	1200	4
100190	1664	1192	1672	1200	4
100191	1672	1192	1680	1200	4
100192	1856	1192	1864	1200	4
100193	2008	1192	2016	1200	4
100194	1336	1200	1344	1208	4
100195	1584	1200	1592	1208	4
100196	1592	1200	1600	1208	4
100197	1600	1200	1608	1208	4
100198	1608	1200	1616	1208	4
100199	1616	1200	1624	1208	4
100200	1624	1200	1632	1208	4
100201	1632	1200	1640	1208	4
100202	1640	1200	1648	1208	4
100203	1648	1200	1656	1208	4
100204	1656	1200	1664	1208	4
100205	1664	1200	1672	1208	4
100206	1672	1200	1680	1208	4
100207	1856	1200	1864	1208	4
100208	2008	1200	2016	1208	4
100209	1304	1208	1312	1216	4
100210	1312	1208	1320	1216	4
100211	1320	1208	1328	1216	4
100212	1328	1208	1336	1216	4
100213	1336	1208	1344	1216	4
100214	1584	1208	1592	1216	4
100215	1592	1208	1600	1216	4
100216	1600	1208	1608	1216	4
100217	1608	1208	1616	1216	4
100218	1616	1208	1624	1216	4
100219	1624	1208	1632	1216	4
100220	1632	1208	1640	1216	4
100221	1640	1208	1648	1216	4
100222	1648	1208	1656	1216	4
100223	1656	1208	1664	1216	4
100224	1664	1208	1672	1216	4
100225	1672	1208	1680	1216	4
100226	1856	1208	1864	1216	4
100227	2008	1208	2016	1216	4
100228	1304	1216	1312	1224	4
100229	1568	1216	1576	1224	4
100230	1576	1216	1584	1224	4
100231	1584	1216	1592	1224	4
100232	1592	1216	1600	1224	4
100233	1600	1216	1608	1224	4
100234	1608	1216	1616	1224	4
100235	1616	1216	1624	1224	4
100236	1624	1216	1632	1224	4
100237	1632	1216	1640	1224	4
100238	1640	1216	1648	1224	4
100239	1648	1216	1656	1224	4
100240	1656	1216	1664	1224	4
100241	1664	1216	1672	1224	4
100242	1672	1216	1680	1224	4
100243	1680	1216	1688	1224	4
100244	1688	1216	1696	1224	4
100245	1824	1216	1832	1224	4
100246	1832	1216	1840	1224	4
100247	1840	1216	1848	1224	4
100248	1848	1216	1856	1224	4
100249	1856	1216	1864	1224	4
100250	2008	1216	2016	1224	4
100251	1304	1224	1312	1232	4
100252	1568	1224	1576	1232	4
100253	1576	1224	1584	1232	4
100254	1584	1224	1592	1232	4
100255	1592	1224	1600	1232	4
100256	1600	1224	1608	1232	4
100257	1608	1224	1616	1232	4
100258	1616	1224	1624	1232	4
100259	1624	1224	1632	1232	4
100260	1632	1224	1640	1232	4
100261	1640	1224	1648	1232	4
100262	1648	1224	1656	1232	4
100263	1656	1224	1664	1232	4
100264	1664	1224	1672	1232	4
100265	1672	1224	1680	1232	4
100266	1680	1224	1688	1232	4
100267	1688	1224	1696	1232	4
100268	1824	1224	1832	1232	4
100269	2008	1224	2016	1232	4
100270	1304	1232	1312	1240	4
100271	1568	1232	1576	1240	4
100272	1576	1232	1584	1240	4
100273	1584	1232	1592	1240	4
100274	1592	1232	1600	1240	4
100275	1600	1232	1608	1240	4
100276	1608	1232	1616	1240	4
100277	1616	1232	1624	1240	4
100278	1624	1232	1632	1240	4
100279	1632	1232	1640	1240	4
100280	1640	1232	1648	1240	4
100281	1648	1232	1656	1240	4
100282	1656	1232	1664	1240	4
100283	1664	1232	1672	1240	4
100284	1672	1232	1680	1240	4
100285	1680	1232	1688	1240	4
100286	1688	1232	1696	1240	4
100287	1824	1232	1832	1240	4
100288	2008	1232	2016	1240	4
100289	824	1240	832	1248	4
100290	832	1240	840	1248	4
100291	840	1240	848	1248	4
100292	848	1240	856	1248	4
100293	856	1240	864	1248	4
100294	864	1240	872	1248	4
100295	872	1240	880	1248	4
100296	880	1240	888	1248	4
100297	888	1240	896	1248	4
100298	896	1240	904	1248	4
100299	904	1240	912	1248	4
100300	912	1240	920	1248	4
100301	920	1240	928	1248	4
100302	928	1240	936	1248	4
100303	936	1240	944	1248	4
100304	944	1240	952	1248	4
100305	952	1240	960	1248	4
100306	960	1240	968	1248	4
100307	968	1240	976	1248	4
100308	976	1240	984	1248	4
100309	984	1240	992	1248	4
100310	992	1240	1000	1248	4
100311	1000	1240	1008	1248	4
100312	1008	1240	1016	1248	4
100313	1016	1240	1024	1248	4
100314	1024	1240	1032	1248	4
100315	1032	1240	1040	1248	4
100316	1040	1240	1048	1248	4
100317	1048	1240	1056	1248	4
100318	1056	1240	1064	1248	4
100319	1064	1240	1072	1248	4
100320	1072	1240	1080	1248	4
100321	1080	1240	1088	1248	4
100322	1088	1240	1096	1248	4
100323	1096	1240	1104	1248	4
100324	1104	1240	1112	1248	4
100325	1112	1240	1120	1248	4
100326	1120	1240	1128	1248	4
100327	1128	1240	1136	1248	4
100328	1136	1240	1144	1248	4
100329	1144	1240	1152	1248	4
100330	1152	1240	1160	1248	4
100331	1160	1240	1168	1248	4
100332	1168	1240	1176	1248	4
100333	1176	1240	1184	1248	4
100334	1184	1240	1192	1248	4
100335	1192	1240	1200	1248	4
100336	1200	1240	1208	1248	4
100337	1208	1240	1216	1248	4
100338	1216	1240	1224	1248	4
100339	1224	1240	1232	1248	4
100340	1232	1240	1240	1248	4
100341	1240	1240	1248	1248	4
100342	1248	1240	1256	1248	4
100343	1256	1240	1264	1248	4
100344	1264	1240	1272	1248	4
100345	1272	1240	1280	1248	4
100346	1280	1240	1288	1248	4
100347	1288	1240	1296	1248	4
100348	1296	1240	1304	1248	4
100349	1304	1240	1312	1248	4
100350	1568	1240	1576	1248	4
100351	1576	1240	1584	1248	4
100352	1584	1240	1592	1248	4
100353	1592	1240	1600	1248	4
100354	1600	1240	1608	1248	4
100355	1608	1240	1616	1248	4
100356	1616	1240	1624	1248	4
100357	1624	1240	1632	1248	4
100358	1632	1240	1640	1248	4
100359	1640	1240	1648	1248	4
100360	1648	1240	1656	1248	4
100361	1656	1240	1664	1248	4
100362	1664	1240	1672	1248	4
100363	1672	1240	1680	1248	4
100364	1680	1240	1688	1248	4
100365	1688	1240	1696	1248	4
100366	1824	1240	1832	1248	4
100367	2008	1240	2016	1248	4
100368	824	1248	832	1256	4
100369	1472	1248	1480	1256	4
100370	1480	1248	1488	1256	4
100371	1488	1248	1496	1256	4
100372	1496	1248	1504	1256	4
100373	1504	1248	1512	1256	4
100374	1512	1248	1520	1256	4
100375	1520	1248	1528	1256	4
100376	1528	1248	1536	1256	4
100377	1536	1248	1544	1256	4
100378	1544	1248	1552	1256	4
100379	1552	1248	1560	1256	4
100380	1560	1248	1568	1256	4
100381	1568	1248	1576	1256	4
100382	1576	1248	1584	1256	4
100383	1584	1248	1592	1256	4
100384	1592	1248	1600	1256	4
100385	1600	1248	1608	1256	4
100386	1608	1248	1616	1256	4
100387	1616	1248	1624	1256	4
100388	1624	1248	1632	1256	4
100389	1632	1248	1640	1256	4
100390	1640	1248	1648	1256	4
100391	1648	1248	1656	1256	4
100392	1656	1248	1664	1256	4
100393	1664	1248	1672	1256	4
100394	1672	1248	1680	1256	4
100395	1680	1248	1688	1256	4
100396	1688	1248	1696	1256	4
100397	1696	1248	1704	1256	4
100398	1704	1248	1712	1256	4
100399	1712	1248	1720	1256	4
100400	1720	1248	1728	1256	4
100401	1728	1248	1736	1256	4
100402	1736	1248	1744	1256	4
100403	1744	1248	1752	1256	4
100404	1752	1248	1760	1256	4
100405	1760	1248	1768	1256	4
100406	1768	1248	1776	1256	4
100407	1776	1248	1784	1256	4
100408	1784	1248	1792	1256	4
100409	1792	1248	1800	1256	4
100410	1800	1248	1808	1256	4
100411	1808	1248	1816	1256	4
100412	1816	1248	1824	1256	4
100413	1824	1248	1832	1256	4
100414	2008	1248	2016	1256	4
100415	824	1256	832	1264	4
100416	1472	1256	1480	1264	4
100417	2008	1256	2016	1264	4
100418	824	1272	832	1280	4
100419	1472	1272	1480	1280	4
100420	2008	1264	2016	1272	4
100421	800	1272	808	1280	4
100422	808	1272	816	1280	4
100423	816	1264	824	1272	4
100424	824	1280	832	1288	4
100425	1472	1280	1480	1288	4
100426	2008	1272	2016	1280	4
100427	792	1280	800	1288	4
100428	992	1280	1000	1288	4
100429	1000	1280	1008	1288	4
100430	1008	1280	1016	1288	4
100431	1016	1280	1024	1288	4
100432	1440	1280	1448	1288	4
100433	1448	1280	1456	1288	4
100434	1456	1272	1464	1280	4
100435	1464	1288	1472	1296	4
100436	1472	1288	1480	1296	4
100437	2008	1280	2016	1288	4
100438	792	1288	800	1296	4
100439	992	1288	1000	1296	4
100440	1000	1288	1008	1296	4
100441	1008	1280	1016	1288	4
100442	1016	1296	1024	1304	4
100443	1440	1296	1448	1304	4
100444	2008	1288	2016	1296	4
100445	792	1296	800	1304	4
100446	992	1296	1000	1304	4
100447	1000	1296	1008	1304	4
100448	1008	1288	1016	1296	4
100449	1016	-8	1024	0	4
100450	1440	-8	1448	0	4
100451	2008	1296	2016	1304	4
100452	792	1304	800	1312	4
100453	992	1304	1000	1312	4
100454	1000	1304	1008	1312	4
100455	1008	1304	1016	1312	4
100456	1016	1304	1024	1312	4
100457	1440	1304	1448	1312	4
100458	1496	1304	1504	1312	4
100459	1504	1304	1512	1312	4
100460	1512	1304	1520	1312	4
100461	1520	1304	1528	1312	4
100462	1528	1304	1536	1312	4
100463	1536	1304	1544	1312	4
100464	1544	1304	1552	1312	4
100465	1552	1304	1560	1312	4
100466	1560	1304	1568	1312	4
100467	1568	1304	1576	1312	4
100468	1576	1304	1584	1312	4
100469	1584	1304	1592	1312	4
100470	1592	1304	1600	1312	4
100471	1600	1304	1608	1312	4
100472	1608	1304	1616	1312	4
100473	1616	1304	1624	1312	4
100474	1624	1304	1632	1312	4
100475	1632	1304	1640	1312	4
100476	1640	1304	1648	1312	4
100477	1648	1304	1656	1312	4
100478	1656	1304	1664	1312	4
100479	1664	1304	1672	1312	4
100480	1672	1304	1680	1312	4
100481	1680	1304	1688	1312	4
100482	1688	1304	1696	1312	4
100483	1696	1304	1704	1312	4
100484	1704	1304	1712	1312	4
100485	1712	1304	1720	1312	4
100486	1720	1304	1728	1312	4
100487	1728	1304	1736	1312	4
100488	1736	1304	1744	1312	4
100489	1744	1304	1752	1312	4
100490	1752	1304	1760	1312	4
100491	1760	1304	1768	1312	4
100492	1768	1304	1776	1312	4
100493	1776	1304	1784	1312	4
100494	1784	1304	1792	1312	4
100495	1792	1304	1800	1312	4
100496	1800	1304	1808	1312	4
100497	1808	1304	1816	1312	4
100498	1816	1304	1824	1312	4
100499	1824	1304	1832	1312	4
100500	1832	1304	1840	1312	4
100501	1840	1304	1848	1312	4
100502	1848	1304	1856	1312	4
100503	1856	1304	1864	1312	4
100504	1864	1304	1872	1312	4
100505	1872	1304	1880	1312	4
100506	1880	1304	1888	1312	4
100507	1888	1304	1896	1312	4
100508	1896	1304	1904	1312	4
100509	1904	1304	1912	1312	4
100510	1912	1304	1920	1312	4
100511	1920	1304	1928	1312	4
100512	1928	1304	1936	1312	4
100513	1936	1304	1944	1312	4
100514	1944	1304	1952	1312	4
100515	1952	1304	1960	1312	4
100516	1960	1304	1968	1312	4
100517	1968	1304	1976	1312	4
100518	1976	1304	1984	1312	4
100519	1984	1304	1992	1312	4
100520	1992	1304	2000	1312	4
100521	2000	1304	2008	1312	4
100522	2008	1304	2016	1312	4
100523	792	1312	800	1320	4
100524	928	1312	936	1320	4
100525	936	1312	944	1320	4
100526	944	1312	952	1320	4
100527	952	1312	960	1320	4
100528	960	1312	968	1320	4
100529	968	1312	976	1320	4
100530	976	1312	984	1320	4
100531	984	1312	992	1320	4
100532	992	1312	1000	1320	4
100533	1000	1312	1008	1320	4
100534	1008	1312	1016	1320	4
100535	1016	1312	1024	1320	4
100536	1024	1312	1032	1320	4
100537	1032	1312	1040	1320	4
100538	1040	1312	1048	1320	4
100539	1048	1312	1056	1320	4
100540	1056	1312	1064	1320	4
100541	1064	1312	1072	1320	4
100542	1072	1312	1080	1320	4
100543	1080	1312	1088	1320	4
100544	1088	1312	1096	1320	4
100545	1096	1312	1104	1320	4
100546	1104	1312	1112	1320	4
100547	1112	1312	1120	1320	4
100548	1344	1312	1352	1320	4
100549	1352	1312	1360	1320	4
100550	1360	1312	1368	1320	4
100551	1368	1312	1376	1320	4
100552	1376	1312	1384	1320	4
100553	1384	1312	1392	1320	4
100554	1392	1312	1400	1320	4
100555	1400	1312	1408	1320	4
100556	1408	1312	1416	1320	4
100557	1416	1312	1424	1320	4
100558	1424	1312	1432	1320	4
100559	1432	1312	1440	1320	4
100560	1440	1312	1448	1320	4
100561	1496	1312	1504	1320	4
100562	1920	1312	1928	1320	4
100563	2008	1312	2016	1320	4
100564	792	1320	800	1328	4
100565	928	1320	936	1328	4
100566	1112	1320	1120	1328	4
100567	1344	1320	1352	1328	4
100568	1496	1320	1504	1328	4
100569	1920	1320	1928	1328	4
100570	2008	1320	2016	1328	4
100571	792	1328	800	1336	4
100572	928	1328	936	1336	4
100573	1112	1328	1120	1336	4
100574	1344	1328	1352	1336	4
100575	1496	1328	1504	1336	4
100576	1920	1328	1928	1336	4
100577	2008	1328	2016	1336	4
100578	792	1336	800	1344	4
100579	928	1336	936	1344	4
100580	1112	1336	1120	1344	4
100581	1344	1336	1352	1344	4
100582	1464	1336	1472	1344	4
100583	1472	1336	1480	1344	4
100584	1480	1336	1488	1344	4
100585	1488	1336	1496	1344	4
100586	1496	1336	1504	1344	4
100587	1920	1336	1928	1344	4
100588	1928	1336	1936	1344	4
100589	1936	1336	1944	1344	4
100590	1944	1336	1952	1344	4
100591	1952	1336	1960	1344	4
100592	2008	1336	2016	1344	4
100593	792	1344	800	1352	4
100594	928	1344	936	1352	4
100595	1112	1344	1120	1352	4
100596	1184	1344	1192	1352	4
100597	1192	1344	1200	1352	4
100598	1200	1344	1208	1352	4
100599	1208	1344	1216	1352	4
100600	1248	1344	1256	1352	4
100601	1256	1344	1264	1352	4
100602	1264	1344	1272	1352	4
100603	1272	1344	1280	1352	4
100604	1312	1344	1320	1352	4
100605	1320	1344	1328	1352	4
100606	1328	1344	1336	1352	4
100607	1336	1344	1344	1352	4
100608	1344	1344	1352	1352	4
100609	1464	1344	1472	1352	4
100610	1472	1344	1480	1352	4
100611	1480	1344	1488	1352	4
100612	1488	1344	1496	1352	4
100613	1496	1344	1504	1352	4
100614	1952	1344	1960	1352	4
100615	2008	1344	2016	1352	4
100616	792	1352	800	1360	4
100617	928	1352	936	1360	4
100618	1112	1352	1120	1360	4
100619	1184	1352	1192	1360	4
100620	1192	1352	1200	1360	4
100621	1200	1352	1208	1360	4
100622	1208	1352	1216	1360	4
100623	1248	1352	1256	1360	4
100624	1256	1352	1264	1360	4
100625	1264	1352	1272	1360	4
100626	1272	1352	1280	1360	4
100627	1312	1352	1320	1360	4
100628	1464	1352	1472	1360	4
100629	1472	1352	1480	1360	4
100630	1480	1352	1488	1360	4
100631	1488	1352	1496	1360	4
100632	1496	1352	1504	1360	4
100633	1952	1352	1960	1360	4
100634	2008	1352	2016	1360	4
100635	792	1360	800	1368	4
100636	928	1360	936	1368	4
100637	1112	1360	1120	1368	4
100638	1184	1360	1192	1368	4
100639	1192	1360	1200	1368	4
100640	1200	1360	1208	1368	4
100641	1208	1360	1216	1368	4
100642	1248	1360	1256	1368	4
100643	1256	1360	1264	1368	4
100644	1264	1360	1272	1368	4
100645	1272	1360	1280	1368	4
100646	1312	1360	1320	1368	4
100647	1464	1360	1472	1368	4
100648	1472	1360	1480	1368	4
100649	1480	1360	1488	1368	4
100650	1488	1360	1496	1368	4
100651	1496	1360	1504	1368	4
100652	1952	1360	1960	1368	4
100653	2008	1360	2016	1368	4
100654	792	1368	800	1376	4
100655	928	1368	936	1376	4
100656	936	1368	944	1376	4
100657	944	1368	952	1376	4
100658	952	1368	960	1376	4
100659	960	1368	968	1376	4
100660	968	1368	976	1376	4
100661	976	1368	984	1376	4
100662	984	1368	992	1376	4
100663	992	1368	1000	1376	4
100664	1000	1368	1008	1376	4
100665	1008	1368	1016	1376	4
100666	1016	1368	1024	1376	4
100667	1024	1368	1032	1376	4
100668	1032	1368	1040	1376	4
100669	1040	1368	1048	1376	4
100670	1048	1368	1056	1376	4
100671	1056	1368	1064	1376	4
100672	1112	1368	1120	1376	4
100673	1184	1368	1192	1376	4
100674	1192	1368	1200	1376	4
100675	1200	1368	1208	1376	4
100676	1208	1368	1216	1376	4
100677	1248	1368	1256	1376	4
100678	1256	1368	1264	1376	4
100679	1264	1368	1272	1376	4
100680	1272	1368	1280	1376	4
100681	1312	1368	1320	1376	4
100682	1368	1368	1376	1376	4
100683	1376	1368	1384	1376	4
100684	1384	1368	1392	1376	4
100685	1392	1368	1400	1376	4
100686	1400	1368	1408	1376	4
100687	1408	1368	1416	1376	4
100688	1416	1368	1424	1376	4
100689	1424	1368	1432	1376	4
100690	1432	1368	1440	1376	4
100691	1440	1368	1448	1376	4
100692	1448	1368	1456	1376	4
100693	1456	1368	1464	1376	4
100694	1464	1368	1472	1376	4
100695	1472	1368	1480	1376	4
100696	1480	1368	1488	1376	4
100697	1488	1368	1496	1376	4
100698	1496	1368	1504	1376	4
100699	1952	1368	1960	1376	4
100700	1960	1368	1968	1376	4
100701	1968	1368	1976	1376	4
100702	1976	1368	1984	1376	4
100703	1984	1368	1992	1376	4
100704	1992	1368	2000	1376	4
100705	2000	1368	2008	1376	4
100706	2008	1368	2016	1376	4
100707	792	1376	800	1384	4
100708	800	1376	808	1384	4
100709	808	1376	816	1384	4
100710	816	1376	824	1384	4
100711	824	1376	832	1384	4
100712	1056	1376	1064	1384	4
100713	1112	1376	1120	1384	4
100714	1120	1376	1128	1384	4
100715	1128	1376	1136	1384	4
100716	1136	1376	1144	1384	4
100717	1144	1376	1152	1384	4
100718	1152	1376	1160	1384	4
100719	1160	1376	1168	1384	4
100720	1168	1376	1176	1384	4
100721	1176	1376	1184	1384	4
100722	1184	1376	1192	1384	4
100723	1192	1376	1200	1384	4
100724	1200	1376	1208	1384	4
100725	1208	1376	1216	1384	4
100726	1216	1376	1224	1384	4
100727	1224	1376	1232	1384	4
100728	1232	1376	1240	1384	4
100729	1240	1376	1248	1384	4
100730	1248	1376	1256	1384	4
100731	1256	1376	1264	1384	4
100732	1264	1376	1272	1384	4
100733	1272	1376	1280	1384	4
100734	1280	1376	1288	1384	4
100735	1288	1376	1296	1384	4
100736	1296	1376	1304	1384	4
100737	1304	1376	1312	1384	4
100738	1312	1376	1320	1384	4
100739	1368	1376	1376	1384	4
100740	1584	1376	1592	1384	4
100741	1592	1376	1600	1384	4
100742	1600	1376	1608	1384	4
100743	1608	1376	1616	1384	4
100744	1984	1376	1992	1384	4
100745	1992	1376	2000	1384	4
100746	2000	1376	2008	1384	4
100747	2008	1376	2016	1384	4
100748	824	1384	832	1392	4
100749	1056	1384	1064	1392	4
100750	1368	1384	1376	1392	4
100751	1584	1384	1592	1392	4
100752	1592	1384	1600	1392	4
100753	1600	1384	1608	1392	4
100754	1608	1384	1616	1392	4
100755	1984	1384	1992	1392	4
100756	1992	1384	2000	1392	4
100757	2000	1384	2008	1392	4
100758	2008	1384	2016	1392	4
100759	824	1392	832	1400	4
100760	1056	1392	1064	1400	4
100761	1368	1392	1376	1400	4
100762	1584	1392	1592	1400	4
100763	1592	1392	1600	1400	4
100764	1600	1392	1608	1400	4
100765	1608	1392	1616	1400	4
100766	1984	1392	1992	1400	4
100767	1992	1392	2000	1400	4
100768	2000	1392	2008	1400	4
100769	2008	1392	2016	1400	4
100770	824	1400	832	1408	4
100771	1056	1400	1064	1408	4
100772	1368	1400	1376	1408	4
100773	1584	1400	1592	1408	4
100774	1592	1400	1600	1408	4
100775	1600	1400	1608	1408	4
100776	1608	1400	1616	1408	4
100777	1984	1400	1992	1408	4
100778	1992	1400	2000	1408	4
100779	2000	1400	2008	1408	4
100780	2008	1400	2016	1408	4
100781	824	1408	832	1416	4
100782	832	1408	840	1416	4
100783	840	1408	848	1416	4
100784	848	1408	856	1416	4
100785	856	1408	864	1416	4
100786	1056	1408	1064	1416	4
100787	1368	1408	1376	1416	4
100788	1568	1408	1576	1416	4
100789	1576	1408	1584	1416	4
100790	1584	1408	1592	1416	4
100791	1592	1408	1600	1416	4
100792	1600	1408	1608	1416	4
100793	1608	1408	1616	1416	4
100794	1616	1408	1624	1416	4
100795	1624	1408	1632	1416	4
100796	1984	1408	1992	1416	4
100797	1992	1408	2000	1416	4
100798	2000	1408	2008	1416	4
100799	2008	1408	2016	1416	4
100800	856	1416	864	1424	4
100801	1056	1416	1064	1424	4
100802	1368	1416	1376	1424	4
100803	1568	1416	1576	1424	4
100804	1576	1416	1584	1424	4
100805	1584	1416	1592	1424	4
100806	1592	1416	1600	1424	4
100807	1600	1416	1608	1424	4
100808	1608	1416	1616	1424	4
100809	1616	1416	1624	1424	4
100810	1624	1416	1632	1424	4
100811	1984	1416	1992	1424	4
100812	1992	1416	2000	1424	4
100813	2000	1416	2008	1424	4
100814	2008	1416	2016	1424	4
100815	856	1424	864	1432	4
100816	1056	1424	1064	1432	4
100817	1368	1424	1376	1432	4
100818	1568	1424	1576	1432	4
100819	1576	1424	1584	1432	4
100820	1584	1424	1592	1432	4
100821	1592	1424	1600	1432	4
100822	1600	1424	1608	1432	4
100823	1608	1424	1616	1432	4
100824	1616	1424	1624	1432	4
100825	1624	1424	1632	1432	4
100826	1984	1424	1992	1432	4
100827	1992	1424	2000	1432	4
100828	2000	1424	2008	1432	4
100829	2008	1424	2016	1432	4
100830	856	1432	864	1440	4
100831	1056	1432	1064	1440	4
100832	1064	1432	1072	1440	4
100833	1072	1432	1080	1440	4
100834	1080	1432	1088	1440	4
100835	1088	1432	1096	1440	4
100836	1096	1432	1104	1440	4
100837	1104	1432	1112	1440	4
100838	1112	1432	1120	1440	4
100839	1120	1432	1128	1440	4
100840	1128	1432	1136	1440	4
100841	1136	1432	1144	1440	4
100842	1144	1432	1152	1440	4
100843	1152	1432	1160	1440	4
100844	1160	1432	1168	1440	4
100845	1168	1432	1176	1440	4
100846	1176	1432	1184	1440	4
100847	1184	1432	1192	1440	4
100848	1192	1432	1200	1440	4
100849	1200	1432	1208	1440	4
100850	1208	1432	1216	1440	4
100851	1216	1432	1224	1440	4
100852	1224	1432	1232	1440	4
100853	1232	1432	1240	1440	4
100854	1240	1432	1248	1440	4
100855	1248	1432	1256	1440	4
100856	1256	1432	1264	1440	4
100857	1264	1432	1272	1440	4
100858	1272	1432	1280	1440	4
100859	1280	1432	1288	1440	4
100860	1288	1432	1296	1440	4
100861	1296	1432	1304	1440	4
100862	1304	1432	1312	1440	4
100863	1312	1432	1320	1440	4
100864	1320	1432	1328	1440	4
100865	1328	1432	1336	1440	4
100866	1336	1432	1344	1440	4
100867	1344	1432	1352	1440	4
100868	1352	1432	1360	1440	4
100869	1360	1432	1368	1440	4
100870	1368	1432	1376	1440	4
100871	1568	1432	1576	1440	4
100872	1576	1432	1584	1440	4
100873	1584	1432	1592	1440	4
100874	1592	1432	1600	1440	4
100875	1600	1432	1608	1440	4
100876	1608	1432	1616	1440	4
100877	1616	1432	1624	1440	4
100878	1624	1432	1632	1440	4
100879	1984	1432	1992	1440	4
100880	1992	1432	2000	1440	4
100881	2000	1432	2008	1440	4
100882	2008	1432	2016	1440	4
100883	856	1440	864	1448	4
100884	864	1440	872	1448	4
100885	872	1440	880	1448	4
100886	880	1440	888	1448	4
100887	888	1440	896	1448	4
100888	896	1440	904	1448	4
100889	904	1440	912	1448	4
100890	912	1440	920	1448	4
100891	920	1440	928	1448	4
100892	928	1440	936	1448	4
100893	936	1440	944	1448	4
100894	944	1440	952	1448	4
100895	952	1440	960	1448	4
100896	1504	1440	1512	1448	4
100897	1512	1440	1520	1448	4
100898	1520	1440	1528	1448	4
100899	1528	1440	1536	1448	4
100900	1536	1440	1544	1448	4
100901	1544	1440	1552	1448	4
100902	1552	1440	1560	1448	4
100903	1560	1440	1568	1448	4
100904	1568	1440	1576	1448	4
100905	1576	1440	1584	1448	4
100906	1584	1440	1592	1448	4
100907	1592	1440	1600	1448	4
100908	1600	1440	1608	1448	4
100909	1608	1440	1616	1448	4
100910	1616	1440	1624	1448	4
100911	1624	1440	1632	1448	4
100912	1632	1440	1640	1448	4
100913	1640	1440	1648	1448	4
100914	1648	1440	1656	1448	4
100915	1656	1440	1664	1448	4
100916	1920	1440	1928	1448	4
100917	1928	1440	1936	1448	4
100918	1936	1440	1944	1448	4
100919	1944	1440	1952	1448	4
100920	1952	1440	1960	1448	4
100921	1960	1440	1968	1448	4
100922	1968	1440	1976	1448	4
100923	1976	1440	1984	1448	4
100924	1984	1440	1992	1448	4
100925	1992	1440	2000	1448	4
100926	2000	1440	2008	1448	4
100927	2008	1440	2016	1448	4
100928	952	1448	960	1456	4
100929	1504	1448	1512	1456	4
100930	1656	1448	1664	1456	4
100931	1920	1448	1928	1456	4
100932	952	1456	960	1464	4
100933	1504	1456	1512	1464	4
100934	1656	1456	1664	1464	4
100935	1920	1456	1928	1464	4
100936	952	1464	960	1472	4
100937	1504	1464	1512	1472	4
100938	1656	1464	1664	1472	4
100939	1920	1464	1928	1472	4
100940	952	1472	960	1480	4
100941	960	1472	968	1480	4
100942	968	1472	976	1480	4
100943	976	1472	984	1480	4
100944	984	1472	992	1480	4
100945	1024	1472	1032	1480	4
100946	1032	1472	1040	1480	4
100947	1040	1472	1048	1480	4
100948	1048	1472	1056	1480	4
100949	1248	1472	1256	1480	4
100950	1256	1472	1264	1480	4
100951	1264	1472	1272	1480	4
100952	1272	1472	1280	1480	4
100953	1280	1472	1288	1480	4
100954	1288	1472	1296	1480	4
100955	1296	1472	1304	1480	4
100956	1304	1472	1312	1480	4
100957	1504	1472	1512	1480	4
100958	1656	1472	1664	1480	4
100959	1664	1472	1672	1480	4
100960	1672	1472	1680	1480	4
100961	1680	1472	1688	1480	4
100962	1688	1472	1696	1480	4
100963	1888	1472	1896	1480	4
100964	1896	1472	1904	1480	4
100965	1904	1472	1912	1480	4
100966	1912	1472	1920	1480	4
100967	1920	1472	1928	1480	4
100968	984	1480	992	1488	4
100969	1024	1480	1032	1488	4
100970	1032	1480	1040	1488	4
100971	1040	1480	1048	1488	4
100972	1048	1480	1056	1488	4
100973	1248	1480	1256	1488	4
100974	1256	1480	1264	1488	4
100975	1264	1480	1272	1488	4
100976	1272	1480	1280	1488	4
100977	1280	1480	1288	1488	4
100978	1288	1480	1296	1488	4
100979	1296	1480	1304	1488	4
100980	1304	1480	1312	1488	4
100981	1504	1480	1512	1488	4
100982	1688	1480	1696	1488	4
100983	1888	1480	1896	1488	4
100984	984	1488	992	1496	4
100985	1024	1488	1032	1496	4
100986	1032	1488	1040	1496	4
100987	1040	1488	1048	1496	4
100988	1048	1488	1056	1496	4
100989	1248	1488	1256	1496	4
100990	1256	1488	1264	1496	4
100991	1264	1488	1272	1496	4
100992	1272	1488	1280	1496	4
100993	1280	1488	1288	1496	4
100994	1288	1488	1296	1496	4
100995	1296	1488	1304	1496	4
100996	1304	1488	1312	1496	4
100997	1504	1488	1512	1496	4
100998	1688	1488	1696	1496	4
100999	1888	1488	1896	1496	4
101000	984	1496	992	1504	4
101001	1024	1496	1032	1504	4
101002	1032	1496	1040	1504	4
101003	1040	1496	1048	1504	4
101004	1048	1496	1056	1504	4
101005	1248	1496	1256	1504	4
101006	1256	1496	1264	1504	4
101007	1264	1496	1272	1504	4
101008	1272	1496	1280	1504	4
101009	1280	1496	1288	1504	4
101010	1288	1496	1296	1504	4
101011	1296	1496	1304	1504	4
101012	1304	1496	1312	1504	4
101013	1504	1496	1512	1504	4
101014	1688	1496	1696	1504	4
101015	1888	1496	1896	1504	4
101016	984	1504	992	1512	4
101017	992	1504	1000	1512	4
101018	1000	1504	1008	1512	4
101019	1008	1504	1016	1512	4
101020	1016	1504	1024	1512	4
101021	1024	1504	1032	1512	4
101022	1032	1504	1040	1512	4
101023	1040	1504	1048	1512	4
101024	1048	1504	1056	1512	4
101025	1056	1504	1064	1512	4
101026	1064	1504	1072	1512	4
101027	1072	1504	1080	1512	4
101028	1080	1504	1088	1512	4
101029	1088	1504	1096	1512	4
101030	1096	1504	1104	1512	4
101031	1104	1504	1112	1512	4
101032	1112	1504	1120	1512	4
101033	1120	1504	1128	1512	4
101034	1128	1504	1136	1512	4
101035	1136	1504	1144	1512	4
101036	1144	1504	1152	1512	4
101037	1152	1504	1160	1512	4
101038	1160	1504	1168	1512	4
101039	1168	1504	1176	1512	4
101040	1176	1504	1184	1512	4
101041	1184	1504	1192	1512	4
101042	1192	1504	1200	1512	4
101043	1200	1504	1208	1512	4
101044	1208	1504	1216	1512	4
101045	1216	1504	1224	1512	4
101046	1224	1504	1232	1512	4
101047	1232	1504	1240	1512	4
101048	1240	1504	1248	1512	4
101049	1248	1504	1256	1512	4
101050	1256	1504	1264	1512	4
101051	1264	1504	1272	1512	4
101052	1272	1504	1280	1512	4
101053	1280	1504	1288	1512	4
101054	1288	1504	1296	1512	4
101055	1296	1504	1304	1512	4
101056	1304	1504	1312	1512	4
101057	1312	1504	1320	1512	4
101058	1320	1504	1328	1512	4
101059	1328	1504	1336	1512	4
101060	1336	1504	1344	1512	4
101061	1344	1504	1352	1512	4
101062	1352	1504	1360	1512	4
101063	1360	1504	1368	1512	4
101064	1368	1504	1376	1512	4
101065	1376	1504	1384	1512	4
101066	1384	1504	1392	1512	4
101067	1392	1504	1400	1512	4
101068	1400	1504	1408	1512	4
101069	1408	1504	1416	1512	4
101070	1416	1504	1424	1512	4
101071	1424	1504	1432	1512	4
101072	1432	1504	1440	1512	4
101073	1440	1504	1448	1512	4
101074	1448	1504	1456	1512	4
101075	1456	1504	1464	1512	4
101076	1464	1504	1472	1512	4
101077	1472	1504	1480	1512	4
101078	1480	1504	1488	1512	4
101079	1488	1504	1496	1512	4
101080	1496	1504	1504	1512	4
101081	1504	1504	1512	1512	4
101082	1688	1504	1696	1512	4
101083	1696	1504	1704	1512	4
101084	1704	1504	1712	1512	4
101085	1712	1504	1720	1512	4
101086	1720	1504	1728	1512	4
101087	1728	1504	1736	1512	4
101088	1736	1504	1744	1512	4
101089	1744	1504	1752	1512	4
101090	1752	1504	1760	1512	4
101091	1760	1504	1768	1512	4
101092	1768	1504	1776	1512	4
101093	1776	1504	1784	1512	4
101094	1784	1504	1792	1512	4
101095	1792	1504	1800	1512	4
101096	1800	1504	1808	1512	4
101097	1808	1504	1816	1512	4
101098	1816	1504	1824	1512	4
101099	1824	1504	1832	1512	4
101100	1832	1504	1840	1512	4
101101	1840	1504	1848	1512	4
101102	1848	1504	1856	1512	4
101103	1856	1504	1864	1512	4
101104	1864	1504	1872	1512	4
101105	1872	1504	1880	1512	4
101106	1880	1504	1888	1512	4
101107	1888	1504	1896	1512	4


# ani_id	sprite1_id	time1	sprite2_id	time2	...
[ANIMATIONS]
#Bullet
133	123	100
134	124	100
#BigJasonBack								
7001	700	100	701	100	702	100
#BigJasonFront								
7002	703	100	704	100	705	100
#BigJasonLeft								
7003	706	100	707	100	708	100
#BigJasonRight					
7004	709	100	710	100	711	100
#BigJasonDie								
7005	712	100	713	100	714	100	715	100
#BG
10	10001	100
#gun 
20	20001	100
21	20002	100
22	20003	100
#RightWheel
30	30001	100	30002	100	30003	100	30004	100
#LeftWheel
40	40001	100	40002	100	40003	100	40004	100
#connector
60	60001	100
#idleWheel
50	50001	100
#main
70	70001	100
71	70002	100
72	70003	100
73	70004	100
#moving right 
301	30001	30	30002	30	30003	30	30004	30
#moving left 
401	40001	30	40002	30	40003	30	40004	30
#Portal
201107	101109	100
#brick
200000	100001	100
200001	100002	100
200002	100003	100
200003	100004	100
200004	100005	100
200005	100006	100
200006	100007	100
200007	100008	100
200008	100009	100
200009	100010	100
200010	100011	100
200011	100012	100
200012	100013	100
200013	100014	100
200014	100015	100
200015	100016	100
200016	100017	100
200017	100018	100
200018	100019	100
200019	100020	100
200020	100021	100
200021	100022	100
200022	100023	100
200023	100024	100
200024	100025	100
200025	100026	100
200026	100027	100
200027	100028	100
200028	100029	100
200029	100030	100
200030	100031	100
200031	100032	100
200032	100033	100
200033	100034	100
200034	100035	100
200035	100036	100
200036	100037	100
200037	100038	100
200038	100039	100
200039	100040	100
200040	100041	100
200041	100042	100
200042	100043	100
200043	100044	100
200044	100045	100
200045	100046	100
200046	100047	100
200047	100048	100
200048	100049	100
200049	100050	100
200050	100051	100
200051	100052	100
200052	100053	100
200053	100054	100
200054	100055	100
200055	100056	100
200056	100057	100
200057	100058	100
200058	100059	100
200059	100060	100
200060	100061	100
200061	100062	100
200062	100063	100
200063	100064	100
200064	100065	100
200065	100066	100
200066	100067	100
200067	100068	100
200068	100069	100
200069	100070	100
200070	100071	100
200071	100072	100
200072	100073	100
200073	100074	100
200074	100075	100
200075	100076	100
200076	100077	100
200077	100078	100
200078	100079	100
200079	100080	100
200080	100081	100
200081	100082	100
200082	100083	100
200083	100084	100
200084	100085	100
200085	100086	100
200086	100087	100
200087	100088	100
200088	100089	100
200089	100090	100
200090	100091	100
200091	100092	100
200092	100093	100
200093	100094	100
200094	100095	100
200095	100096	100
200096	100097	100
200097	100098	100
200098	100099	100
200099	100100	100
200100	100101	100
200101	100102	100
200102	100103	100
200103	100104	100
200104	100105	100
200105	100106	100
200106	100107	100
200107	100108	100
200108	100109	100
200109	100110	100
200110	100111	100
200111	100112	100
200112	100113	100
200113	100114	100
200114	100115	100
200115	100116	100
200116	100117	100
200117	100118	100
200118	100119	100
200119	100120	100
200120	100121	100
200121	100122	100
200122	100123	100
200123	100124	100
200124	100125	100
200125	100126	100
200126	100127	100
200127	100128	100
200128	100129	100
200129	100130	100
200130	100131	100
200131	100132	100
200132	100133	100
200133	100134	100
200134	100135	100
200135	100136	100
200136	100137	100
200137	100138	100
200138	100139	100
200139	100140	100
200140	100141	100
200141	100142	100
200142	100143	100
200143	100144	100
200144	100145	100
200145	100146	100
200146	100147	100
200147	100148	100
200148	100149	100
200149	100150	100
200150	100151	100
200151	100152	100
200152	100153	100
200153	100154	100
200154	100155	100
200155	100156	100
200156	100157	100
200157	100158	100
200158	100159	100
200159	100160	100
200160	100161	100
200161	100162	100
200162	100163	100
200163	100164	100
200164	100165	100
200165	100166	100
200166	100167	100
200167	100168	100
200168	100169	100
200169	100170	100
200170	100171	100
200171	100172	100
200172	100173	100
200173	100174	100
200174	100175	100
200175	100176	100
200176	100177	100
200177	100178	100
200178	100179	100
200179	100180	100
200180	100181	100
200181	100182	100
200182	100183	100
200183	100184	100
200184	100185	100
200185	100186	100
200186	100187	100
200187	100188	100
200188	100189	100
200189	100190	100
200190	100191	100
200191	100192	100
200192	100193	100
200193	100194	100
200194	100195	100
200195	100196	100
200196	100197	100
200197	100198	100
200198	100199	100
200199	100200	100
200200	100201	100
200201	100202	100
200202	100203	100
200203	100204	100
200204	100205	100
200205	100206	100
200206	100207	100
200207	100208	100
200208	100209	100
200209	100210	100
200210	100211	100
200211	100212	100
200212	100213	100
200213	100214	100
200214	100215	100
200215	100216	100
200216	100217	100
200217	100218	100
200218	100219	100
200219	100220	100
200220	100221	100
200221	100222	100
200222	100223	100
200223	100224	100
200224	100225	100
200225	100226	100
200226	100227	100
200227	100228	100
200228	100229	100
200229	100230	100
200230	100231	100
200231	100232	100
200232	100233	100
200233	100234	100
200234	100235	100
200235	100236	100
200236	100237	100
200237	100238	100
200238	100239	100
200239	100240	100
200240	100241	100
200241	100242	100
200242	100243	100
200243	100244	100
200244	100245	100
200245	100246	100
200246	100247	100
200247	100248	100
200248	100249	100
200249	100250	100
200250	100251	100
200251	100252	100
200252	100253	100
200253	100254	100
200254	100255	100
200255	100256	100
200256	100257	100
200257	100258	100
200258	100259	100
200259	100260	100
200260	100261	100
200261	100262	100
200262	100263	100
200263	100264	100
200264	100265	100
200265	100266	100
200266	100267	100
200267	100268	100
200268	100269	100
200269	100270	100
200270	100271	100
200271	100272	100
200272	100273	100
200273	100274	100
200274	100275	100
200275	100276	100
200276	100277	100
200277	100278	100
200278	100279	100
200279	100280	100
200280	100281	100
200281	100282	100
200282	100283	100
200283	100284	100
200284	100285	100
200285	100286	100
200286	100287	100
200287	100288	100
200288	100289	100
200289	100290	100
200290	100291	100
200291	100292	100
200292	100293	100
200293	100294	100
200294	100295	100
200295	100296	100
200296	100297	100
200297	100298	100
200298	100299	100
200299	100300	100
200300	100301	100
200301	100302	100
200302	100303	100
200303	100304	100
200304	100305	100
200305	100306	100
200306	100307	100
200307	100308	100
200308	100309	100
200309	100310	100
200310	100311	100
200311	100312	100
200312	100313	100
200313	100314	100
200314	100315	100
200315	100316	100
200316	100317	100
200317	100318	100
200318	100319	100
200319	100320	100
200320	100321	100
200321	100322	100
200322	100323	100
200323	100324	100
200324	100325	100
200325	100326	100
200326	100327	100
200327	100328	100
200328	100329	100
200329	100330	100
200330	100331	100
200331	100332	100
200332	100333	100
200333	100334	100
200334	100335	100
200335	100336	100
200336	100337	100
200337	100338	100
200338	100339	100
200339	100340	100
200340	100341	100
200341	100342	100
200342	100343	100
200343	100344	100
200344	100345	100
200345	100346	100
200346	100347	100
200347	100348	100
200348	100349	100
200349	100350	100
200350	100351	100
200351	100352	100
200352	100353	100
200353	100354	100
200354	100355	100
200355	100356	100
200356	100357	100
200357	100358	100
200358	100359	100
200359	100360	100
200360	100361	100
200361	100362	100
200362	100363	100
200363	100364	100
200364	100365	100
200365	100366	100
200366	100367	100
200367	100368	100
200368	100369	100
200369	100370	100
200370	100371	100
200371	100372	100
200372	100373	100
200373	100374	100
200374	100375	100
200375	100376	100
200376	100377	100
200377	100378	100
200378	100379	100
200379	100380	100
200380	100381	100
200381	100382	100
200382	100383	100
200383	100384	100
200384	100385	100
200385	100386	100
200386	100387	100
200387	100388	100
200388	100389	100
200389	100390	100
200390	100391	100
200391	100392	100
200392	100393	100
200393	100394	100
200394	100395	100
200395	100396	100
200396	100397	100
200397	100398	100
200398	100399	100
200399	100400	100
200400	100401	100
200401	100402	100
200402	100403	100
200403	100404	100
200404	100405	100
200405	100406	100
200406	100407	100
200407	100408	100
200408	100409	100
200409	100410	100
200410	100411	100
200411	100412	100
200412	100413	100
200413	100414	100
200414	100415	100
200415	100416	100
200416	100417	100
200417	100418	100
200418	100419	100
200419	100420	100
200420	100421	100
200421	100422	100
200422	100423	100
200423	100424	100
200424	100425	100
200425	100426	100
200426	100427	100
200427	100428	100
200428	100429	100
200429	100430	100
200430	100431	100
200431	100432	100
200432	100433	100
200433	100434	100
200434	100435	100
200435	100436	100
200436	100437	100
200437	100438	100
200438	100439	100
200439	100440	100
200440	100441	100
200441	100442	100
200442	100443	100
200443	100444	100
200444	100445	100
200445	100446	100
200446	100447	100
200447	100448	100
200448	100449	100
200449	100450	100
200450	100451	100
200451	100452	100
200452	100453	100
200453	100454	100
200454	100455	100
200455	100456	100
200456	100457	100
200457	100458	100
200458	100459	100
200459	100460	100
200460	100461	100
200461	100462	100
200462	100463	100
200463	100464	100
200464	100465	100
200465	100466	100
200466	100467	100
200467	100468	100
200468	100469	100
200469	100470	100
200470	100471	100
200471	100472	100
200472	100473	100
200473	100474	100
200474	100475	100
200475	100476	100
200476	100477	100
200477	100478	100
200478	100479	100
200479	100480	100
200480	100481	100
200481	100482	100
200482	100483	100
200483	100484	100
200484	100485	100
200485	100486	100
200486	100487	100
200487	100488	100
200488	100489	100
200489	100490	100
200490	100491	100
200491	100492	100
200492	100493	100
200493	100494	100
200494	100495	100
200495	100496	100
200496	100497	100
200497	100498	100
200498	100499	100
200499	100500	100
200500	100501	100
200501	100502	100
200502	100503	100
200503	100504	100
200504	100505	100
200505	100506	100
200506	100507	100
200507	100508	100
200508	100509	100
200509	100510	100
200510	100511	100
200511	100512	100
200512	100513	100
200513	100514	100
200514	100515	100
200515	100516	100
200516	100517	100
200517	100518	100
200518	100519	100
200519	100520	100
200520	100521	100
200521	100522	100
200522	100523	100
200523	100524	100
200524	100525	100
200525	100526	100
200526	100527	100
200527	100528	100
200528	100529	100
200529	100530	100
200530	100531	100
200531	100532	100
200532	100533	100
200533	100534	100
200534	100535	100
200535	100536	100
200536	100537	100
200537	100538	100
200538	100539	100
200539	100540	100
200540	100541	100
200541	100542	100
200542	100543	100
200543	100544	100
200544	100545	100
200545	100546	100
200546	100547	100
200547	100548	100
200548	100549	100
200549	100550	100
200550	100551	100
200551	100552	100
200552	100553	100
200553	100554	100
200554	100555	100
200555	100556	100
200556	100557	100
200557	100558	100
200558	100559	100
200559	100560	100
200560	100561	100
200561	100562	100
200562	100563	100
200563	100564	100
200564	100565	100
200565	100566	100
200566	100567	100
200567	100568	100
200568	100569	100
200569	100570	100
200570	100571	100
200571	100572	100
200572	100573	100
200573	100574	100
200574	100575	100
200575	100576	100
200576	100577	100
200577	100578	100
200578	100579	100
200579	100580	100
200580	100581	100
200581	100582	100
200582	100583	100
200583	100584	100
200584	100585	100
200585	100586	100
200586	100587	100
200587	100588	100
200588	100589	100
200589	100590	100
200590	100591	100
200591	100592	100
200592	100593	100
200593	100594	100
200594	100595	100
200595	100596	100
200596	100597	100
200597	100598	100
200598	100599	100
200599	100600	100
200600	100601	100
200601	100602	100
200602	100603	100
200603	100604	100
200604	100605	100
200605	100606	100
200606	100607	100
200607	100608	100
200608	100609	100
200609	100610	100
200610	100611	100
200611	100612	100
200612	100613	100
200613	100614	100
200614	100615	100
200615	100616	100
200616	100617	100
200617	100618	100
200618	100619	100
200619	100620	100
200620	100621	100
200621	100622	100
200622	100623	100
200623	100624	100
200624	100625	100
200625	100626	100
200626	100627	100
200627	100628	100
200628	100629	100
200629	100630	100
200630	100631	100
200631	100632	100
200632	100633	100
200633	100634	100
200634	100635	100
200635	100636	100
200636	100637	100
200637	100638	100
200638	100639	100
200639	100640	100
200640	100641	100
200641	100642	100
200642	100643	100
200643	100644	100
200644	100645	100
200645	100646	100
200646	100647	100
200647	100648	100
200648	100649	100
200649	100650	100
200650	100651	100
200651	100652	100
200652	100653	100
200653	100654	100
200654	100655	100
200655	100656	100
200656	100657	100
200657	100658	100
200658	100659	100
200659	100660	100
200660	100661	100
200661	100662	100
200662	100663	100
200663	100664	100
200664	100665	100
200665	100666	100
200666	100667	100
200667	100668	100
200668	100669	100
200669	100670	100
200670	100671	100
200671	100672	100
200672	100673	100
200673	100674	100
200674	100675	100
200675	100676	100
200676	100677	100
200677	100678	100
200678	100679	100
200679	100680	100
200680	100681	100
200681	100682	100
200682	100683	100
200683	100684	100
200684	100685	100
200685	100686	100
200686	100687	100
200687	100688	100
200688	100689	100
200689	100690	100
200690	100691	100
200691	100692	100
200692	100693	100
200693	100694	100
200694	100695	100
200695	100696	100
200696	100697	100
200697	100698	100
200698	100699	100
200699	100700	100
200700	100701	100
200701	100702	100
200702	100703	100
200703	100704	100
200704	100705	100
200705	100706	100
200706	100707	100
200707	100708	100
200708	100709	100
200709	100710	100
200710	100711	100
200711	100712	100
200712	100713	100
200713	100714	100
200714	100715	100
200715	100716	100
200716	100717	100
200717	100718	100
200718	100719	100
200719	100720	100
200720	100721	100
200721	100722	100
200722	100723	100
200723	100724	100
200724	100725	100
200725	100726	100
200726	100727	100
200727	100728	100
200728	100729	100
200729	100730	100
200730	100731	100
200731	100732	100
200732	100733	100
200733	100734	100
200734	100735	100
200735	100736	100
200736	100737	100
200737	100738	100
200738	100739	100
200739	100740	100
200740	100741	100
200741	100742	100
200742	100743	100
200743	100744	100
200744	100745	100
200745	100746	100
200746	100747	100
200747	100748	100
200748	100749	100
200749	100750	100
200750	100751	100
200751	100752	100
200752	100753	100
200753	100754	100
200754	100755	100
200755	100756	100
200756	100757	100
200757	100758	100
200758	100759	100
200759	100760	100
200760	100761	100
200761	100762	100
200762	100763	100
200763	100764	100
200764	100765	100
200765	100766	100
200766	100767	100
200767	100768	100
200768	100769	100
200769	100770	100
200770	100771	100
200771	100772	100
200772	100773	100
200773	100774	100
200774	100775	100
200775	100776	100
200776	100777	100
200777	100778	100
200778	100779	100
200779	100780	100
200780	100781	100
200781	100782	100
200782	100783	100
200783	100784	100
200784	100785	100
200785	100786	100
200786	100787	100
200787	100788	100
200788	100789	100
200789	100790	100
200790	100791	100
200791	100792	100
200792	100793	100
200793	100794	100
200794	100795	100
200795	100796	100
200796	100797	100
200797	100798	100
200798	100799	100
200799	100800	100
200800	100801	100
200801	100802	100
200802	100803	100
200803	100804	100
200804	100805	100
200805	100806	100
200806	100807	100
200807	100808	100
200808	100809	100
200809	100810	100
200810	100811	100
200811	100812	100
200812	100813	100
200813	100814	100
200814	100815	100
200815	100816	100
200816	100817	100
200817	100818	100
200818	100819	100
200819	100820	100
200820	100821	100
200821	100822	100
200822	100823	100
200823	100824	100
200824	100825	100
200825	100826	100
200826	100827	100
200827	100828	100
200828	100829	100
200829	100830	100
200830	100831	100
200831	100832	100
200832	100833	100
200833	100834	100
200834	100835	100
200835	100836	100
200836	100837	100
200837	100838	100
200838	100839	100
200839	100840	100
200840	100841	100
200841	100842	100
200842	100843	100
200843	100844	100
200844	100845	100
200845	100846	100
200846	100847	100
200847	100848	100
200848	100849	100
200849	100850	100
200850	100851	100
200851	100852	100
200852	100853	100
200853	100854	100
200854	100855	100
200855	100856	100
200856	100857	100
200857	100858	100
200858	100859	100
200859	100860	100
200860	100861	100
200861	100862	100
200862	100863	100
200863	100864	100
200864	100865	100
200865	100866	100
200866	100867	100
200867	100868	100
200868	100869	100
200869	100870	100
200870	100871	100
200871	100872	100
200872	100873	100
200873	100874	100
200874	100875	100
200875	100876	100
200876	100877	100
200877	100878	100
200878	100879	100
200879	100880	100
200880	100881	100
200881	100882	100
200882	100883	100
200883	100884	100
200884	100885	100
200885	100886	100
200886	100887	100
200887	100888	100
200888	100889	100
200889	100890	100
200890	100891	100
200891	100892	100
200892	100893	100
200893	100894	100
200894	100895	100
200895	100896	100
200896	100897	100
200897	100898	100
200898	100899	100
200899	100900	100
200900	100901	100
200901	100902	100
200902	100903	100
200903	100904	100
200904	100905	100
200905	100906	100
200906	100907	100
200907	100908	100
200908	100909	100
200909	100910	100
200910	100911	100
200911	100912	100
200912	100913	100
200913	100914	100
200914	100915	100
200915	100916	100
200916	100917	100
200917	100918	100
200918	100919	100
200919	100920	100
200920	100921	100
200921	100922	100
200922	100923	100
200923	100924	100
200924	100925	100
200925	100926	100
200926	100927	100
200927	100928	100
200928	100929	100
200929	100930	100
200930	100931	100
200931	100932	100
200932	100933	100
200933	100934	100
200934	100935	100
200935	100936	100
200936	100937	100
200937	100938	100
200938	100939	100
200939	100940	100
200940	100941	100
200941	100942	100
200942	100943	100
200943	100944	100
200944	100945	100
200945	100946	100
200946	100947	100
200947	100948	100
200948	100949	100
200949	100950	100
200950	100951	100
200951	100952	100
200952	100953	100
200953	100954	100
200954	100955	100
200955	100956	100
200956	100957	100
200957	100958	100
200958	100959	100
200959	100960	100
200960	100961	100
200961	100962	100
200962	100963	100
200963	100964	100
200964	100965	100
200965	100966	100
200966	100967	100
200967	100968	100
200968	100969	100
200969	100970	100
200970	100971	100
200971	100972	100
200972	100973	100
200973	100974	100
200974	100975	100
200975	100976	100
200976	100977	100
200977	100978	100
200978	100979	100
200979	100980	100
200980	100981	100
200981	100982	100
200982	100983	100
200983	100984	100
200984	100985	100
200985	100986	100
200986	100987	100
200987	100988	100
200988	100989	100
200989	100990	100
200990	100991	100
200991	100992	100
200992	100993	100
200993	100994	100
200994	100995	100
200995	100996	100
200996	100997	100
200997	100998	100
200998	100999	100
200999	101000	100
201000	101001	100
201001	101002	100
201002	101003	100
201003	101004	100
201004	101005	100
201005	101006	100
201006	101007	100
201007	101008	100
201008	101009	100
201009	101010	100
201010	101011	100
201011	101012	100
201012	101013	100
201013	101014	100
201014	101015	100
201015	101016	100
201016	101017	100
201017	101018	100
201018	101019	100
201019	101020	100
201020	101021	100
201021	101022	100
201022	101023	100
201023	101024	100
201024	101025	100
201025	101026	100
201026	101027	100
201027	101028	100
201028	101029	100
201029	101030	100
201030	101031	100
201031	101032	100
201032	101033	100
201033	101034	100
201034	101035	100
201035	101036	100
201036	101037	100
201037	101038	100
201038	101039	100
201039	101040	100
201040	101041	100
201041	101042	100
201042	101043	100
201043	101044	100
201044	101045	100
201045	101046	100
201046	101047	100
201047	101048	100
201048	101049	100
201049	101050	100
201050	101051	100
201051	101052	100
201052	101053	100
201053	101054	100
201054	101055	100
201055	101056	100
201056	101057	100
201057	101058	100
201058	101059	100
201059	101060	100
201060	101061	100
201061	101062	100
201062	101063	100
201063	101064	100
201064	101065	100
201065	101066	100
201066	101067	100
201067	101068	100
201068	101069	100
201069	101070	100
201070	101071	100
201071	101072	100
201072	101073	100
201073	101074	100
201074	101075	100
201075	101076	100
201076	101077	100
201077	101078	100
201078	101079	100
201079	101080	100
201080	101081	100
201081	101082	100
201082	101083	100
201083	101084	100
201084	101085	100
201085	101086	100
201086	101087	100
201087	101088	100
201088	101089	100
201089	101090	100
201090	101091	100
201091	101092	100
201092	101093	100
201093	101094	100
201094	101095	100
201095	101096	100
201096	101097	100
201097	101098	100
201098	101099	100
201099	101100	100
201100	101101	100
201101	101102	100
201102	101103	100
201103	101104	100
201104	101105	100
201105	101106	100
201106	101107	100
#enemy1
9100	8000	100
9300	8100	100
#enemy2					
9101	8001	100	8002	100	8003	100
#enemy3		
9102	8004	100
9302	8104	100
#enemy4						
9103	8005	50	8006	50	8007	50	8008	50
9303	8100	100
#enemy5
9104	8009	100	8010	100	8011	100
#enemy6		
9105	8012	100	8013	100	8014	100
9305	8104	100
#enemy7		
9106	8015	100	8016	100	8017	100	8018	100
#enemy8
9107	8019	100	8020	100	8021	100
#enemy9
9108	8022	100	8023	100	8024	100	8025	100
9109	8025	100	8024	100	8023	100	8022	100
#enemy10
9110	8026	100
[ANIMATION_SETS]
#Bullet
143	133	134
#enemy1
9200	9100	9300
#enemy2
9201	9101
#enemy3
9202	9102	9302
#enemy4
9203	9103	9303
#enemy5
9204	9104
#enemy6
9205	9105	9305
#enemy7
9206	9106
#enemy8
9207	9107
#enemy9
9208	9108	9109
#enemy10
9209	9110
#Jason
6	7002	7001	7003	7004	7005
#BG
4	10
#main
0	70	71	72	73
#gun
1	20	21	22
#wheel
2	50	301	401
#connector
3	60
#portal
301107	201107
#test
300000	200000
300001	200001
300002	200002
300003	200003
300004	200004
300005	200005
300006	200006
300007	200007
300008	200008
300009	200009
300010	200010
300011	200011
300012	200012
300013	200013
300014	200014
300015	200015
300016	200016
300017	200017
300018	200018
300019	200019
300020	200020
300021	200021
300022	200022
300023	200023
300024	200024
300025	200025
300026	200026
300027	200027
300028	200028
300029	200029
300030	200030
300031	200031
300032	200032
300033	200033
300034	200034
300035	200035
300036	200036
300037	200037
300038	200038
300039	200039
300040	200040
300041	200041
300042	200042
300043	200043
300044	200044
300045	200045
300046	200046
300047	200047
300048	200048
300049	200049
300050	200050
300051	200051
300052	200052
300053	200053
300054	200054
300055	200055
300056	200056
300057	200057
300058	200058
300059	200059
300060	200060
300061	200061
300062	200062
300063	200063
300064	200064
300065	200065
300066	200066
300067	200067
300068	200068
300069	200069
300070	200070
300071	200071
300072	200072
300073	200073
300074	200074
300075	200075
300076	200076
300077	200077
300078	200078
300079	200079
300080	200080
300081	200081
300082	200082
300083	200083
300084	200084
300085	200085
300086	200086
300087	200087
300088	200088
300089	200089
300090	200090
300091	200091
300092	200092
300093	200093
300094	200094
300095	200095
300096	200096
300097	200097
300098	200098
300099	200099
300100	200100
300101	200101
300102	200102
300103	200103
300104	200104
300105	200105
300106	200106
300107	200107
300108	200108
300109	200109
300110	200110
300111	200111
300112	200112
300113	200113
300114	200114
300115	200115
300116	200116
300117	200117
300118	200118
300119	200119
300120	200120
300121	200121
300122	200122
300123	200123
300124	200124
300125	200125
300126	200126
300127	200127
300128	200128
300129	200129
300130	200130
300131	200131
300132	200132
300133	200133
300134	200134
300135	200135
300136	200136
300137	200137
300138	200138
300139	200139
300140	200140
300141	200141
300142	200142
300143	200143
300144	200144
300145	200145
300146	200146
300147	200147
300148	200148
300149	200149
300150	200150
300151	200151
300152	200152
300153	200153
300154	200154
300155	200155
300156	200156
300157	200157
300158	200158
300159	200159
300160	200160
300161	200161
300162	200162
300163	200163
300164	200164
300165	200165
300166	200166
300167	200167
300168	200168
300169	200169
300170	200170
300171	200171
300172	200172
300173	200173
300174	200174
300175	200175
300176	200176
300177	200177
300178	200178
300179	200179
300180	200180
300181	200181
300182	200182
300183	200183
300184	200184
300185	200185
300186	200186
300187	200187
300188	200188
300189	200189
300190	200190
300191	200191
300192	200192
300193	200193
300194	200194
300195	200195
300196	200196
300197	200197
300198	200198
300199	200199
300200	200200
300201	200201
300202	200202
300203	200203
300204	200204
300205	200205
300206	200206
300207	200207
300208	200208
300209	200209
300210	200210
300211	200211
300212	200212
300213	200213
300214	200214
300215	200215
300216	200216
300217	200217
300218	200218
300219	200219
300220	200220
300221	200221
300222	200222
300223	200223
300224	200224
300225	200225
300226	200226
300227	200227
300228	200228
300229	200229
300230	200230
300231	200231
300232	200232
300233	200233
300234	200234
300235	200235
300236	200236
300237	200237
300238	200238
300239	200239
300240	200240
300241	200241
300242	200242
300243	200243
300244	200244
300245	200245
300246	200246
300247	200247
300248	200248
300249	200249
300250	200250
300251	200251
300252	200252
300253	200253
300254	200254
300255	200255
300256	200256
300257	200257
300258	200258
300259	200259
300260	200260
300261	200261
300262	200262
300263	200263
300264	200264
300265	200265
300266	200266
300267	200267
300268	200268
300269	200269
300270	200270
300271	200271
300272	200272
300273	200273
300274	200274
300275	200275
300276	200276
300277	200277
300278	200278
300279	200279
300280	200280
300281	200281
300282	200282
300283	200283
300284	200284
300285	200285
300286	200286
300287	200287
300288	200288
300289	200289
300290	200290
300291	200291
300292	200292
300293	200293
300294	200294
300295	200295
300296	200296
300297	200297
300298	200298
300299	200299
300300	200300
300301	200301
300302	200302
300303	200303
300304	200304
300305	200305
300306	200306
300307	200307
300308	200308
300309	200309
300310	200310
300311	200311
300312	200312
300313	200313
300314	200314
300315	200315
300316	200316
300317	200317
300318	200318
300319	200319
300320	200320
300321	200321
300322	200322
300323	200323
300324	200324
300325	200325
300326	200326
300327	200327
300328	200328
300329	200329
300330	200330
300331	200331
300332	200332
300333	200333
300334	200334
300335	200335
300336	200336
300337	200337
300338	200338
300339	200339
300340	200340
300341	200341
300342	200342
300343	200343
300344	200344
300345	200345
300346	200346
300347	200347
300348	200348
300349	200349
300350	200350
300351	200351
300352	200352
300353	200353
300354	200354
300355	200355
300356	200356
300357	200357
300358	200358
300359	200359
300360	200360
300361	200361
300362	200362
300363	200363
300364	200364
300365	200365
300366	200366
300367	200367
300368	200368
300369	200369
300370	200370
300371	200371
300372	200372
300373	200373
300374	200374
300375	200375
300376	200376
300377	200377
300378	200378
300379	200379
300380	200380
300381	200381
300382	200382
300383	200383
300384	200384
300385	200385
300386	200386
300387	200387
300388	200388
300389	200389
300390	200390
300391	200391
300392	200392
300393	200393
300394	200394
300395	200395
300396	200396
300397	200397
300398	200398
300399	200399
300400	200400
300401	200401
300402	200402
300403	200403
300404	200404
300405	200405
300406	200406
300407	200407
300408	200408
300409	200409
300410	200410
300411	200411
300412	200412
300413	200413
300414	200414
300415	200415
300416	200416
300417	200417
300418	200418
300419	200419
300420	200420
300421	200421
300422	200422
300423	200423
300424	200424
300425	200425
300426	200426
300427	200427
300428	200428
300429	200429
300430	200430
300431	200431
300432	200432
300433	200433
300434	200434
300435	200435
300436	200436
300437	200437
300438	200438
300439	200439
300440	200440
300441	200441
300442	200442
300443	200443
300444	200444
300445	200445
300446	200446
300447	200447
300448	200448
300449	200449
300450	200450
300451	200451
300452	200452
300453	200453
300454	200454
300455	200455
300456	200456
300457	200457
300458	200458
300459	200459
300460	200460
300461	200461
300462	200462
300463	200463
300464	200464
300465	200465
300466	200466
300467	200467
300468	200468
300469	200469
300470	200470
300471	200471
300472	200472
300473	200473
300474	200474
300475	200475
300476	200476
300477	200477
300478	200478
300479	200479
300480	200480
300481	200481
300482	200482
300483	200483
300484	200484
300485	200485
300486	200486
300487	200487
300488	200488
300489	200489
300490	200490
300491	200491
300492	200492
300493	200493
300494	200494
300495	200495
300496	200496
300497	200497
300498	200498
300499	200499
300500	200500
300501	200501
300502	200502
300503	200503
300504	200504
300505	200505
300506	200506
300507	200507
300508	200508
300509	200509
300510	200510
300511	200511
300512	200512
300513	200513
300514	200514
300515	200515
300516	200516
300517	200517
300518	200518
300519	200519
300520	200520
300521	200521
300522	200522
300523	200523
300524	200524
300525	200525
300526	200526
300527	200527
300528	200528
300529	200529
300530	200530
300531	200531
300532	200532
300533	200533
300534	200534
300535	200535
300536	200536
300537	200537
300538	200538
300539	200539
300540	200540
300541	200541
300542	200542
300543	200543
300544	200544
300545	200545
300546	200546
300547	200547
300548	200548
300549	200549
300550	200550
300551	200551
300552	200552
300553	200553
300554	200554
300555	200555
300556	200556
300557	200557
300558	200558
300559	200559
300560	200560
300561	200561
300562	200562
300563	200563
300564	200564
300565	200565
300566	200566
300567	200567
300568	200568
300569	200569
300570	200570
300571	200571
300572	200572
300573	200573
300574	200574
300575	200575
300576	200576
300577	200577
300578	200578
300579	200579
300580	200580
300581	200581
300582	200582
300583	200583
300584	200584
300585	200585
300586	200586
300587	200587
300588	200588
300589	200589
300590	200590
300591	200591
300592	200592
300593	200593
300594	200594
300595	200595
300596	200596
300597	200597
300598	200598
300599	200599
300600	200600
300601	200601
300602	200602
300603	200603
300604	200604
300605	200605
300606	200606
300607	200607
300608	200608
300609	200609
300610	200610
300611	200611
300612	200612
300613	200613
300614	200614
300615	200615
300616	200616
300617	200617
300618	200618
300619	200619
300620	200620
300621	200621
300622	200622
300623	200623
300624	200624
300625	200625
300626	200626
300627	200627
300628	200628
300629	200629
300630	200630
300631	200631
300632	200632
300633	200633
300634	200634
300635	200635
300636	200636
300637	200637
300638	200638
300639	200639
300640	200640
300641	200641
300642	200642
300643	200643
300644	200644
300645	200645
300646	200646
300647	200647
300648	200648
300649	200649
300650	200650
300651	200651
300652	200652
300653	200653
300654	200654
300655	200655
300656	200656
300657	200657
300658	200658
300659	200659
300660	200660
300661	200661
300662	200662
300663	200663
300664	200664
300665	200665
300666	200666
300667	200667
300668	200668
300669	200669
300670	200670
300671	200671
300672	200672
300673	200673
300674	200674
300675	200675
300676	200676
300677	200677
300678	200678
300679	200679
300680	200680
300681	200681
300682	200682
300683	200683
300684	200684
300685	200685
300686	200686
300687	200687
300688	200688
300689	200689
300690	200690
300691	200691
300692	200692
300693	200693
300694	200694
300695	200695
300696	200696
300697	200697
300698	200698
300699	200699
300700	200700
300701	200701
300702	200702
300703	200703
300704	200704
300705	200705
300706	200706
300707	200707
300708	200708
300709	200709
300710	200710
300711	200711
300712	200712
300713	200713
300714	200714
300715	200715
300716	200716
300717	200717
300718	200718
300719	200719
300720	200720
300721	200721
300722	200722
300723	200723
300724	200724
300725	200725
300726	200726
300727	200727
300728	200728
300729	200729
300730	200730
300731	200731
300732	200732
300733	200733
300734	200734
300735	200735
300736	200736
300737	200737
300738	200738
300739	200739
300740	200740
300741	200741
300742	200742
300743	200743
300744	200744
300745	200745
300746	200746
300747	200747
300748	200748
300749	200749
300750	200750
300751	200751
300752	200752
300753	200753
300754	200754
300755	200755
300756	200756
300757	200757
300758	200758
300759	200759
300760	200760
300761	200761
300762	200762
300763	200763
300764	200764
300765	200765
300766	200766
300767	200767
300768	200768
300769	200769
300770	200770
300771	200771
300772	200772
300773	200773
300774	200774
300775	200775
300776	200776
300777	200777
300778	200778
300779	200779
300780	200780
300781	200781
300782	200782
300783	200783
300784	200784
300785	200785
300786	200786
300787	200787
300788	200788
300789	200789
300790	200790
300791	200791
300792	200792
300793	200793
300794	200794
300795	200795
300796	200796
300797	200797
300798	200798
300799	200799
300800	200800
300801	200801
300802	200802
300803	200803
300804	200804
300805	200805
300806	200806
300807	200807
300808	200808
300809	200809
300810	200810
300811	200811
300812	200812
300813	200813
300814	200814
300815	200815
300816	200816
300817	200817
300818	200818
300819	200819
300820	200820
300821	200821
300822	200822
300823	200823
300824	200824
300825	200825
300826	200826
300827	200827
300828	200828
300829	200829
300830	200830
300831	200831
300832	200832
300833	200833
300834	200834
300835	200835
300836	200836
300837	200837
300838	200838
300839	200839
300840	200840
300841	200841
300842	200842
300843	200843
300844	200844
300845	200845
300846	200846
300847	200847
300848	200848
300849	200849
300850	200850
300851	200851
300852	200852
300853	200853
300854	200854
300855	200855
300856	200856
300857	200857
300858	200858
300859	200859
300860	200860
300861	200861
300862	200862
300863	200863
300864	200864
300865	200865
300866	200866
300867	200867
300868	200868
300869	200869
300870	200870
300871	200871
300872	200872
300873	200873
300874	200874
300875	200875
300876	200876
300877	200877
300878	200878
300879	200879
300880	200880
300881	200881
300882	200882
300883	200883
300884	200884
300885	200885
300886	200886
300887	200887
300888	200888
300889	200889
300890	200890
300891	200891
300892	200892
300893	200893
300894	200894
300895	200895
300896	200896
300897	200897
300898	200898
300899	200899
300900	200900
300901	200901
300902	200902
300903	200903
300904	200904
300905	200905
300906	200906
300907	200907
300908	200908
300909	200909
300910	200910
300911	200911
300912	200912
300913	200913
300914	200914
300915	200915
300916	200916
300917	200917
300918	200918
300919	200919
300920	200920
300921	200921
300922	200922
300923	200923
300924	200924
300925	200925
300926	200926
300927	200927
300928	200928
300929	200929
300930	200930
300931	200931
300932	200932
300933	200933
300934	200934
300935	200935
300936	200936
300937	200937
300938	200938
300939	200939
300940	200940
300941	200941
300942	200942
300943	200943
300944	200944
300945	200945
300946	200946
300947	200947
300948	200948
300949	200949
300950	200950
300951	200951
300952	200952
300953	200953
300954	200954
300955	200955
300956	200956
300957	200957
300958	200958
300959	200959
300960	200960
300961	200961
300962	200962
300963	200963
300964	200964
300965	200965
300966	200966
300967	200967
300968	200968
300969	200969
300970	200970
300971	200971
300972	200972
300973	200973
300974	200974
300975	200975
300976	200976
300977	200977
300978	200978
300979	200979
300980	200980
300981	200981
300982	200982
300983	200983
300984	200984
300985	200985
300986	200986
300987	200987
300988	200988
300989	200989
300990	200990
300991	200991
300992	200992
300993	200993
300994	200994
300995	200995
300996	200996
300997	200997
300998	200998
300999	200999
301000	201000
301001	201001
301002	201002
301003	201003
301004	201004
301005	201005
301006	201006
301007	201007
301008	201008
301009	201009
301010	201010
301011	201011
301012	201012
301013	201013
301014	201014
301015	201015
301016	201016
301017	201017
301018	201018
301019	201019
301020	201020
301021	201021
301022	201022
301023	201023
301024	201024
301025	201025
301026	201026
301027	201027
301028	201028
301029	201029
301030	201030
301031	201031
301032	201032
301033	201033
301034	201034
301035	201035
301036	201036
301037	201037
301038	201038
301039	201039
301040	201040
301041	201041
301042	201042
301043	201043
301044	201044
301045	201045
301046	201046
301047	201047
301048	201048
301049	201049
301050	201050
301051	201051
301052	201052
301053	201053
301054	201054
301055	201055
301056	201056
301057	201057
301058	201058
301059	201059
301060	201060
301061	201061
301062	201062
301063	201063
301064	201064
301065	201065
301066	201066
301067	201067
301068	201068
301069	201069
301070	201070
301071	201071
301072	201072
301073	201073
301074	201074
301075	201075
301076	201076
301077	201077
301078	201078
301079	201079
301080	201080
301081	201081
301082	201082
301083	201083
301084	201084
301085	201085
301086	201086
301087	201087
301088	201088
301089	201089
301090	201090
301091	201091
301092	201092
301093	201093
301094	201094
301095	201095
301096	201096
301097	201097
301098	201098
301099	201099
301100	201100
301101	201101
301102	201102
301103	201103
301104	201104
301105	201105
301106	201106



[OBJECTS]
#Background
20	0	496	4
#mainobject			
0	1100	484	0
#gun			
2	185	376	1
#connector			
3	0	436	3
#wheel			
4	0	486	2
#bullet
21	0	0	143
#brick
1	680	496	300000
1	688	496	300001
1	696	496	300002
1	704	496	300003
1	712	496	300004
1	720	496	300005
1	728	496	300006
1	736	496	300007
1	744	496	300008
1	752	496	300009
1	760	496	300010
1	768	496	300011
1	776	496	300012
1	784	496	300013
1	936	496	300014
1	944	496	300015
1	952	496	300016
1	960	496	300017
1	968	496	300018
1	976	496	300019
1	984	496	300020
1	992	496	300021
1	1000	496	300022
1	1008	496	300023
1	1016	496	300024
1	1024	496	300025
1	1032	496	300026
1	1040	496	300027
1	1048	496	300028
1	1056	496	300029
1	1064	496	300030
1	1072	496	300031
1	1080	496	300032
1	1088	496	300033
1	1096	496	300034
1	1104	496	300035
1	1112	496	300036
1	1120	496	300037
1	1128	496	300038
1	1136	496	300039
1	680	488	300040
1	784	488	300041
1	936	488	300042
1	1136	488	300043
1	680	480	300044
1	784	480	300045
1	936	480	300046
1	1136	480	300047
1	680	472	300048
1	784	472	300049
1	936	472	300050
1	1136	472	300051
1	648	464	300052
1	656	464	300053
1	664	464	300054
1	672	464	300055
1	680	464	300056
1	784	464	300057
1	904	464	300058
1	912	464	300059
1	920	464	300060
1	928	464	300061
1	936	464	300062
1	1136	464	300063
1	1144	464	300064
1	1152	464	300065
1	1160	464	300066
1	1168	464	300067
1	648	456	300068
1	784	456	300069
1	904	456	300070
1	1168	456	300071
1	648	448	300072
1	784	448	300073
1	904	448	300074
1	1168	448	300075
1	648	440	300076
1	784	440	300077
1	904	440	300078
1	1168	440	300079
1	584	432	300080
1	592	432	300081
1	600	432	300082
1	608	432	300083
1	616	432	300084
1	624	432	300085
1	632	432	300086
1	640	432	300087
1	648	432	300088
1	784	432	300089
1	792	432	300090
1	800	432	300091
1	808	432	300092
1	816	432	300093
1	824	432	300094
1	832	432	300095
1	840	432	300096
1	848	432	300097
1	856	432	300098
1	864	432	300099
1	872	432	300100
1	880	432	300101
1	888	432	300102
1	896	432	300103
1	904	432	300104
1	1168	432	300105
1	1176	432	300106
1	1184	432	300107
1	1192	432	300108
1	1200	432	300109
1	584	424	300110
1	1200	424	300111
1	584	416	300112
1	1200	416	300113
1	584	408	300114
1	1200	408	300115
1	584	400	300116
1	1200	400	300117
1	1208	400	300118
1	1216	400	300119
1	1224	400	300120
1	584	392	300121
1	1200	392	300122
1	1208	392	300123
1	1216	392	300124
1	1224	392	300125
1	584	384	300126
1	1200	384	300127
1	1208	384	300128
1	1216	384	300129
1	1224	384	300130
1	584	376	300131
1	1200	376	300132
1	1208	376	300133
1	1216	376	300134
1	1224	376	300135
1	552	368	300136
1	560	368	300137
1	568	368	300138
1	576	368	300139
1	584	368	300140
1	1200	368	300141
1	1208	368	300142
1	1216	368	300143
1	1224	368	300144
1	552	360	300145
1	800	360	300146
1	808	360	300147
1	816	360	300148
1	824	360	300149
1	832	360	300150
1	840	360	300151
1	848	360	300152
1	856	360	300153
1	864	360	300154
1	872	360	300155
1	880	360	300156
1	888	360	300157
1	1072	360	300158
1	1080	360	300159
1	1088	360	300160
1	1096	360	300161
1	1104	360	300162
1	1112	360	300163
1	1120	360	300164
1	1128	360	300165
1	1136	360	300166
1	1144	360	300167
1	1152	360	300168
1	1160	360	300169
1	1168	360	300170
1	1176	360	300171
1	1184	360	300172
1	1192	360	300173
1	1200	360	300174
1	1208	360	300175
1	1216	360	300176
1	1224	360	300177
1	552	352	300178
1	800	352	300179
1	808	352	300180
1	816	352	300181
1	824	352	300182
1	832	352	300183
1	840	352	300184
1	848	352	300185
1	856	352	300186
1	864	352	300187
1	872	352	300188
1	880	352	300189
1	888	352	300190
1	1072	352	300191
1	1224	352	300192
1	552	344	300193
1	800	344	300194
1	808	344	300195
1	816	344	300196
1	824	344	300197
1	832	344	300198
1	840	344	300199
1	848	344	300200
1	856	344	300201
1	864	344	300202
1	872	344	300203
1	880	344	300204
1	888	344	300205
1	1072	344	300206
1	1224	344	300207
1	520	336	300208
1	528	336	300209
1	536	336	300210
1	544	336	300211
1	552	336	300212
1	800	336	300213
1	808	336	300214
1	816	336	300215
1	824	336	300216
1	832	336	300217
1	840	336	300218
1	848	336	300219
1	856	336	300220
1	864	336	300221
1	872	336	300222
1	880	336	300223
1	888	336	300224
1	1072	336	300225
1	1224	336	300226
1	520	328	300227
1	784	328	300228
1	792	328	300229
1	800	328	300230
1	808	328	300231
1	816	328	300232
1	824	328	300233
1	832	328	300234
1	840	328	300235
1	848	328	300236
1	856	328	300237
1	864	328	300238
1	872	328	300239
1	880	328	300240
1	888	328	300241
1	896	328	300242
1	904	328	300243
1	1040	328	300244
1	1048	328	300245
1	1056	328	300246
1	1064	328	300247
1	1072	328	300248
1	1224	328	300249
1	520	320	300250
1	784	320	300251
1	792	320	300252
1	800	320	300253
1	808	320	300254
1	816	320	300255
1	824	320	300256
1	832	320	300257
1	840	320	300258
1	848	320	300259
1	856	320	300260
1	864	320	300261
1	872	320	300262
1	880	320	300263
1	888	320	300264
1	896	320	300265
1	904	320	300266
1	1040	320	300267
1	1224	320	300268
1	520	312	300269
1	784	312	300270
1	792	312	300271
1	800	312	300272
1	808	312	300273
1	816	312	300274
1	824	312	300275
1	832	312	300276
1	840	312	300277
1	848	312	300278
1	856	312	300279
1	864	312	300280
1	872	312	300281
1	880	312	300282
1	888	312	300283
1	896	312	300284
1	904	312	300285
1	1040	312	300286
1	1224	312	300287
1	40	304	300288
1	48	304	300289
1	56	304	300290
1	64	304	300291
1	72	304	300292
1	80	304	300293
1	88	304	300294
1	96	304	300295
1	104	304	300296
1	112	304	300297
1	120	304	300298
1	128	304	300299
1	136	304	300300
1	144	304	300301
1	152	304	300302
1	160	304	300303
1	168	304	300304
1	176	304	300305
1	184	304	300306
1	192	304	300307
1	200	304	300308
1	208	304	300309
1	216	304	300310
1	224	304	300311
1	232	304	300312
1	240	304	300313
1	248	304	300314
1	256	304	300315
1	264	304	300316
1	272	304	300317
1	280	304	300318
1	288	304	300319
1	296	304	300320
1	304	304	300321
1	312	304	300322
1	320	304	300323
1	328	304	300324
1	336	304	300325
1	344	304	300326
1	352	304	300327
1	360	304	300328
1	368	304	300329
1	376	304	300330
1	384	304	300331
1	392	304	300332
1	400	304	300333
1	408	304	300334
1	416	304	300335
1	424	304	300336
1	432	304	300337
1	440	304	300338
1	448	304	300339
1	456	304	300340
1	464	304	300341
1	472	304	300342
1	480	304	300343
1	488	304	300344
1	496	304	300345
1	504	304	300346
1	512	304	300347
1	520	304	300348
1	784	304	300349
1	792	304	300350
1	800	304	300351
1	808	304	300352
1	816	304	300353
1	824	304	300354
1	832	304	300355
1	840	304	300356
1	848	304	300357
1	856	304	300358
1	864	304	300359
1	872	304	300360
1	880	304	300361
1	888	304	300362
1	896	304	300363
1	904	304	300364
1	1040	304	300365
1	1224	304	300366
1	40	296	300367
1	688	296	300368
1	696	296	300369
1	704	296	300370
1	712	296	300371
1	720	296	300372
1	728	296	300373
1	736	296	300374
1	744	296	300375
1	752	296	300376
1	760	296	300377
1	768	296	300378
1	776	296	300379
1	784	296	300380
1	792	296	300381
1	800	296	300382
1	808	296	300383
1	816	296	300384
1	824	296	300385
1	832	296	300386
1	840	296	300387
1	848	296	300388
1	856	296	300389
1	864	296	300390
1	872	296	300391
1	880	296	300392
1	888	296	300393
1	896	296	300394
1	904	296	300395
1	912	296	300396
1	920	296	300397
1	928	296	300398
1	936	296	300399
1	944	296	300400
1	952	296	300401
1	960	296	300402
1	968	296	300403
1	976	296	300404
1	984	296	300405
1	992	296	300406
1	1000	296	300407
1	1008	296	300408
1	1016	296	300409
1	1024	296	300410
1	1032	296	300411
1	1040	296	300412
1	1224	296	300413
1	40	288	300414
1	688	288	300415
1	1224	288	300416
1	40	272	300417
1	688	272	300418
1	1224	280	300419
1	16	272	300420
1	24	272	300421
1	32	280	300422
1	40	264	300423
1	688	264	300424
1	1224	272	300425
1	8	264	300426
1	208	264	300427
1	216	264	300428
1	224	264	300429
1	232	264	300430
1	656	264	300431
1	664	264	300432
1	672	272	300433
1	680	256	300434
1	688	256	300435
1	1224	264	300436
1	8	256	300437
1	208	256	300438
1	216	256	300439
1	224	264	300440
1	232	248	300441
1	656	248	300442
1	1224	256	300443
1	8	248	300444
1	208	248	300445
1	216	248	300446
1	224	256	300447
1	232	1552	300448
1	656	1552	300449
1	1224	248	300450
1	8	240	300451
1	208	240	300452
1	216	240	300453
1	224	240	300454
1	232	240	300455
1	656	240	300456
1	712	240	300457
1	720	240	300458
1	728	240	300459
1	736	240	300460
1	744	240	300461
1	752	240	300462
1	760	240	300463
1	768	240	300464
1	776	240	300465
1	784	240	300466
1	792	240	300467
1	800	240	300468
1	808	240	300469
1	816	240	300470
1	824	240	300471
1	832	240	300472
1	840	240	300473
1	848	240	300474
1	856	240	300475
1	864	240	300476
1	872	240	300477
1	880	240	300478
1	888	240	300479
1	896	240	300480
1	904	240	300481
1	912	240	300482
1	920	240	300483
1	928	240	300484
1	936	240	300485
1	944	240	300486
1	952	240	300487
1	960	240	300488
1	968	240	300489
1	976	240	300490
1	984	240	300491
1	992	240	300492
1	1000	240	300493
1	1008	240	300494
1	1016	240	300495
1	1024	240	300496
1	1032	240	300497
1	1040	240	300498
1	1048	240	300499
1	1056	240	300500
1	1064	240	300501
1	1072	240	300502
1	1080	240	300503
1	1088	240	300504
1	1096	240	300505
1	1104	240	300506
1	1112	240	300507
1	1120	240	300508
1	1128	240	300509
1	1136	240	300510
1	1144	240	300511
1	1152	240	300512
1	1160	240	300513
1	1168	240	300514
1	1176	240	300515
1	1184	240	300516
1	1192	240	300517
1	1200	240	300518
1	1208	240	300519
1	1216	240	300520
1	1224	240	300521
1	8	232	300522
1	144	232	300523
1	152	232	300524
1	160	232	300525
1	168	232	300526
1	176	232	300527
1	184	232	300528
1	192	232	300529
1	200	232	300530
1	208	232	300531
1	216	232	300532
1	224	232	300533
1	232	232	300534
1	240	232	300535
1	248	232	300536
1	256	232	300537
1	264	232	300538
1	272	232	300539
1	280	232	300540
1	288	232	300541
1	296	232	300542
1	304	232	300543
1	312	232	300544
1	320	232	300545
1	328	232	300546
1	560	232	300547
1	568	232	300548
1	576	232	300549
1	584	232	300550
1	592	232	300551
1	600	232	300552
1	608	232	300553
1	616	232	300554
1	624	232	300555
1	632	232	300556
1	640	232	300557
1	648	232	300558
1	656	232	300559
1	712	232	300560
1	1136	232	300561
1	1224	232	300562
1	8	224	300563
1	144	224	300564
1	328	224	300565
1	560	224	300566
1	712	224	300567
1	1136	224	300568
1	1224	224	300569
1	8	216	300570
1	144	216	300571
1	328	216	300572
1	560	216	300573
1	712	216	300574
1	1136	216	300575
1	1224	216	300576
1	8	208	300577
1	144	208	300578
1	328	208	300579
1	560	208	300580
1	680	208	300581
1	688	208	300582
1	696	208	300583
1	704	208	300584
1	712	208	300585
1	1136	208	300586
1	1144	208	300587
1	1152	208	300588
1	1160	208	300589
1	1168	208	300590
1	1224	208	300591
1	8	200	300592
1	144	200	300593
1	328	200	300594
1	400	200	300595
1	408	200	300596
1	416	200	300597
1	424	200	300598
1	464	200	300599
1	472	200	300600
1	480	200	300601
1	488	200	300602
1	528	200	300603
1	536	200	300604
1	544	200	300605
1	552	200	300606
1	560	200	300607
1	680	200	300608
1	688	200	300609
1	696	200	300610
1	704	200	300611
1	712	200	300612
1	1168	200	300613
1	1224	200	300614
1	8	192	300615
1	144	192	300616
1	328	192	300617
1	400	192	300618
1	408	192	300619
1	416	192	300620
1	424	192	300621
1	464	192	300622
1	472	192	300623
1	480	192	300624
1	488	192	300625
1	528	192	300626
1	680	192	300627
1	688	192	300628
1	696	192	300629
1	704	192	300630
1	712	192	300631
1	1168	192	300632
1	1224	192	300633
1	8	184	300634
1	144	184	300635
1	328	184	300636
1	400	184	300637
1	408	184	300638
1	416	184	300639
1	424	184	300640
1	464	184	300641
1	472	184	300642
1	480	184	300643
1	488	184	300644
1	528	184	300645
1	680	184	300646
1	688	184	300647
1	696	184	300648
1	704	184	300649
1	712	184	300650
1	1168	184	300651
1	1224	184	300652
1	8	176	300653
1	144	176	300654
1	152	176	300655
1	160	176	300656
1	168	176	300657
1	176	176	300658
1	184	176	300659
1	192	176	300660
1	200	176	300661
1	208	176	300662
1	216	176	300663
1	224	176	300664
1	232	176	300665
1	240	176	300666
1	248	176	300667
1	256	176	300668
1	264	176	300669
1	272	176	300670
1	328	176	300671
1	400	176	300672
1	408	176	300673
1	416	176	300674
1	424	176	300675
1	464	176	300676
1	472	176	300677
1	480	176	300678
1	488	176	300679
1	528	176	300680
1	584	176	300681
1	592	176	300682
1	600	176	300683
1	608	176	300684
1	616	176	300685
1	624	176	300686
1	632	176	300687
1	640	176	300688
1	648	176	300689
1	656	176	300690
1	664	176	300691
1	672	176	300692
1	680	176	300693
1	688	176	300694
1	696	176	300695
1	704	176	300696
1	712	176	300697
1	1168	176	300698
1	1176	176	300699
1	1184	176	300700
1	1192	176	300701
1	1200	176	300702
1	1208	176	300703
1	1216	176	300704
1	1224	176	300705
1	8	168	300706
1	16	168	300707
1	24	168	300708
1	32	168	300709
1	40	168	300710
1	272	168	300711
1	328	168	300712
1	336	168	300713
1	344	168	300714
1	352	168	300715
1	360	168	300716
1	368	168	300717
1	376	168	300718
1	384	168	300719
1	392	168	300720
1	400	168	300721
1	408	168	300722
1	416	168	300723
1	424	168	300724
1	432	168	300725
1	440	168	300726
1	448	168	300727
1	456	168	300728
1	464	168	300729
1	472	168	300730
1	480	168	300731
1	488	168	300732
1	496	168	300733
1	504	168	300734
1	512	168	300735
1	520	168	300736
1	528	168	300737
1	584	168	300738
1	800	168	300739
1	808	168	300740
1	816	168	300741
1	824	168	300742
1	1200	168	300743
1	1208	168	300744
1	1216	168	300745
1	1224	168	300746
1	40	160	300747
1	272	160	300748
1	584	160	300749
1	800	160	300750
1	808	160	300751
1	816	160	300752
1	824	160	300753
1	1200	160	300754
1	1208	160	300755
1	1216	160	300756
1	1224	160	300757
1	40	152	300758
1	272	152	300759
1	584	152	300760
1	800	152	300761
1	808	152	300762
1	816	152	300763
1	824	152	300764
1	1200	152	300765
1	1208	152	300766
1	1216	152	300767
1	1224	152	300768
1	40	144	300769
1	272	144	300770
1	584	144	300771
1	800	144	300772
1	808	144	300773
1	816	144	300774
1	824	144	300775
1	1200	144	300776
1	1208	144	300777
1	1216	144	300778
1	1224	144	300779
1	40	136	300780
1	48	136	300781
1	56	136	300782
1	64	136	300783
1	72	136	300784
1	272	136	300785
1	584	136	300786
1	784	136	300787
1	792	136	300788
1	800	136	300789
1	808	136	300790
1	816	136	300791
1	824	136	300792
1	832	136	300793
1	840	136	300794
1	1200	136	300795
1	1208	136	300796
1	1216	136	300797
1	1224	136	300798
1	72	128	300799
1	272	128	300800
1	584	128	300801
1	784	128	300802
1	792	128	300803
1	800	128	300804
1	808	128	300805
1	816	128	300806
1	824	128	300807
1	832	128	300808
1	840	128	300809
1	1200	128	300810
1	1208	128	300811
1	1216	128	300812
1	1224	128	300813
1	72	120	300814
1	272	120	300815
1	584	120	300816
1	784	120	300817
1	792	120	300818
1	800	120	300819
1	808	120	300820
1	816	120	300821
1	824	120	300822
1	832	120	300823
1	840	120	300824
1	1200	120	300825
1	1208	120	300826
1	1216	120	300827
1	1224	120	300828
1	72	112	300829
1	272	112	300830
1	280	112	300831
1	288	112	300832
1	296	112	300833
1	304	112	300834
1	312	112	300835
1	320	112	300836
1	328	112	300837
1	336	112	300838
1	344	112	300839
1	352	112	300840
1	360	112	300841
1	368	112	300842
1	376	112	300843
1	384	112	300844
1	392	112	300845
1	400	112	300846
1	408	112	300847
1	416	112	300848
1	424	112	300849
1	432	112	300850
1	440	112	300851
1	448	112	300852
1	456	112	300853
1	464	112	300854
1	472	112	300855
1	480	112	300856
1	488	112	300857
1	496	112	300858
1	504	112	300859
1	512	112	300860
1	520	112	300861
1	528	112	300862
1	536	112	300863
1	544	112	300864
1	552	112	300865
1	560	112	300866
1	568	112	300867
1	576	112	300868
1	584	112	300869
1	784	112	300870
1	792	112	300871
1	800	112	300872
1	808	112	300873
1	816	112	300874
1	824	112	300875
1	832	112	300876
1	840	112	300877
1	1200	112	300878
1	1208	112	300879
1	1216	112	300880
1	1224	112	300881
1	72	104	300882
1	80	104	300883
1	88	104	300884
1	96	104	300885
1	104	104	300886
1	112	104	300887
1	120	104	300888
1	128	104	300889
1	136	104	300890
1	144	104	300891
1	152	104	300892
1	160	104	300893
1	168	104	300894
1	720	104	300895
1	728	104	300896
1	736	104	300897
1	744	104	300898
1	752	104	300899
1	760	104	300900
1	768	104	300901
1	776	104	300902
1	784	104	300903
1	792	104	300904
1	800	104	300905
1	808	104	300906
1	816	104	300907
1	824	104	300908
1	832	104	300909
1	840	104	300910
1	848	104	300911
1	856	104	300912
1	864	104	300913
1	872	104	300914
1	1136	104	300915
1	1144	104	300916
1	1152	104	300917
1	1160	104	300918
1	1168	104	300919
1	1176	104	300920
1	1184	104	300921
1	1192	104	300922
1	1200	104	300923
1	1208	104	300924
1	1216	104	300925
1	1224	104	300926
1	168	96	300927
1	720	96	300928
1	872	96	300929
1	1136	96	300930
1	168	88	300931
1	720	88	300932
1	872	88	300933
1	1136	88	300934
1	168	80	300935
1	720	80	300936
1	872	80	300937
1	1136	80	300938
1	168	72	300939
1	176	72	300940
1	184	72	300941
1	192	72	300942
1	200	72	300943
1	240	72	300944
1	248	72	300945
1	256	72	300946
1	264	72	300947
1	464	72	300948
1	472	72	300949
1	480	72	300950
1	488	72	300951
1	496	72	300952
1	504	72	300953
1	512	72	300954
1	520	72	300955
1	720	72	300956
1	872	72	300957
1	880	72	300958
1	888	72	300959
1	896	72	300960
1	904	72	300961
1	1104	72	300962
1	1112	72	300963
1	1120	72	300964
1	1128	72	300965
1	1136	72	300966
1	200	64	300967
1	240	64	300968
1	248	64	300969
1	256	64	300970
1	264	64	300971
1	464	64	300972
1	472	64	300973
1	480	64	300974
1	488	64	300975
1	496	64	300976
1	504	64	300977
1	512	64	300978
1	520	64	300979
1	720	64	300980
1	904	64	300981
1	1104	64	300982
1	200	56	300983
1	240	56	300984
1	248	56	300985
1	256	56	300986
1	264	56	300987
1	464	56	300988
1	472	56	300989
1	480	56	300990
1	488	56	300991
1	496	56	300992
1	504	56	300993
1	512	56	300994
1	520	56	300995
1	720	56	300996
1	904	56	300997
1	1104	56	300998
1	200	48	300999
1	240	48	301000
1	248	48	301001
1	256	48	301002
1	264	48	301003
1	464	48	301004
1	472	48	301005
1	480	48	301006
1	488	48	301007
1	496	48	301008
1	504	48	301009
1	512	48	301010
1	520	48	301011
1	720	48	301012
1	904	48	301013
1	1104	48	301014
1	200	40	301015
1	208	40	301016
1	216	40	301017
1	224	40	301018
1	232	40	301019
1	240	40	301020
1	248	40	301021
1	256	40	301022
1	264	40	301023
1	272	40	301024
1	280	40	301025
1	288	40	301026
1	296	40	301027
1	304	40	301028
1	312	40	301029
1	320	40	301030
1	328	40	301031
1	336	40	301032
1	344	40	301033
1	352	40	301034
1	360	40	301035
1	368	40	301036
1	376	40	301037
1	384	40	301038
1	392	40	301039
1	400	40	301040
1	408	40	301041
1	416	40	301042
1	424	40	301043
1	432	40	301044
1	440	40	301045
1	448	40	301046
1	456	40	301047
1	464	40	301048
1	472	40	301049
1	480	40	301050
1	488	40	301051
1	496	40	301052
1	504	40	301053
1	512	40	301054
1	520	40	301055
1	528	40	301056
1	536	40	301057
1	544	40	301058
1	552	40	301059
1	560	40	301060
1	568	40	301061
1	576	40	301062
1	584	40	301063
1	592	40	301064
1	600	40	301065
1	608	40	301066
1	616	40	301067
1	624	40	301068
1	632	40	301069
1	640	40	301070
1	648	40	301071
1	656	40	301072
1	664	40	301073
1	672	40	301074
1	680	40	301075
1	688	40	301076
1	696	40	301077
1	704	40	301078
1	712	40	301079
1	720	40	301080
1	904	40	301081
1	912	40	301082
1	920	40	301083
1	928	40	301084
1	936	40	301085
1	944	40	301086
1	952	40	301087
1	960	40	301088
1	968	40	301089
1	976	40	301090
1	984	40	301091
1	992	40	301092
1	1000	40	301093
1	1008	40	301094
1	1016	40	301095
1	1024	40	301096
1	1032	40	301097
1	1040	40	301098
1	1048	40	301099
1	1056	40	301100
1	1064	40	301101
1	1072	40	301102
1	1080	40	301103
1	1088	40	301104
1	1096	40	301105
1	1104	40	301106
#enemy2
6	1040	485	9201
6	350	102	9201
#enemy3
7	911	350	9202
#enemy4
8	900	350	9203
8	300	250	9203
8	900	150	9203
8	930	150	9203
#enemy6
10	720	315	9205
10	530	251	9205
10	150	180	9205
10	570	91	9205
10	970	151	9205
10	930	161	9205
#enemy7
11	470	251	9206
#enemy8
12	667	454	9207
12	645	166	9207
#enemy9
13	350	51	9208
#enemy10
14	651	59	9209
#portal
100	1175	116	301107	1239	180	1
